0.695411005037496
0
0.5498321132821706
0.6298564571376686
0.7290820396202519
0.5818541710043578
0.7142404134187682
0.6911674755379298
0.6863657532834401
0.669951530225102
0.6606569209598798
0.6546787766987205
0.68084614316402
0.5562138408972129
0.5755965887111121
0.6856362173418704
0.6468538622894622
0.6530042050224265
0.6846658323737295
0.5930976565319845
0.6858294431734907
0.5487313749695504
0.6506302277992424
0.6827328607441767
0.11923442777486137
0.07044418667542818
0.079362056042106
0.37796999068960035
0.6271597399985184
0.08166654433197029
0.4077428376753315
0.2722290941376906
0.4180923781975515
0.6031735351373813
0.015639072810629817
0
0
0.5497557877429655
0
0.035001974055531515
0.04576268120988558
0.016841267569183804
0
0.609279925164455
0.0030872019884087276
0.4686987442813756
0.0030872019884087276
0
0
0.5499832924517025
0
0.5916753925378027
0.6707860424956067
0.036343350416572884
0.5426353421224703
0.017366370660746644
0.004579680167487998
0
0.002823957793091303
0.017366370660746644
0
0
0.002823957793091303
0.47083554500557334
0.677707633884954
0.0711783598183352
0.01638049161407218
0
0.5368070821652473
0.5488661482581996
0.5658985295136609
0.5764430479445912
0.5499832924517025
0.5729070791395812
0.5499832924517025
0
0.5547782659803411
0.07420069066397572
0.5426353421224703
0.4866683804503329
0.5499832924517025
0.5484457586457558
0.5499832924517025
0.5499832924517025
0.5426353421224703
0.5499832924517025
0.5422876494144946
0.5499832924517025
0
0.5499832924517025
0.5499832924517025
0.5499832924517025
0.5499832924517025
0.5499832924517025
0.5499832924517025
0.5499832924517025
0.5499832924517025
0.5499832924517025
0.5499832924517025
0.5499832924517025
0.5499832924517025
0.5499832924517025
0.5499832924517025
0.5499832924517025
0.5499832924517025
0.5499832924517025
0.5499832924517025
0.5499832924517025
0.5499832924517025
0.5499832924517025
0.5499832924517025
0.5499832924517025
0.5499832924517025
0.5499832924517025
0.5499832924517025
0.5499832924517025
0.5499832924517025
0.5499832924517025
0.5499832924517025
0.5499832924517025
0.5499832924517025
0.5499832924517025
0.5499832924517025
0.5499832924517025
0.5499832924517025
0.5499832924517025
0.5499832924517025
0.5499832924517025
0.5499832924517025
0.5499832924517025
0.5499832924517025
0.5499832924517025
0.5499832924517025
0.5499832924517025
0.5499832924517025
0.5499832924517025
0.5499832924517025
0.5499832924517025
0.5499832924517025
0.5499832924517025
0.5499832924517025
0.5499832924517025
0.5499832924517025
0.5499832924517025
0.5499832924517025
0.5499832924517025
0.5499832924517025
0.5499832924517025
0.5499832924517025
0.5499832924517025
0.5499832924517025
0.5499832924517025
0.5499832924517025
0.5499832924517025
0.5499832924517025
0.5499832924517025
0.5499832924517025
0.5499832924517025
0.5499832924517025
0.5499832924517025
0.5499832924517025
0.5499832924517025
0.5499832924517025
0.5499832924517025
0.5499832924517025
0.5499832924517025
0.5499832924517025
0.5499832924517025
0.5499832924517025
0.5499832924517025
0.5499832924517025
0.5499832924517025
0.5499832924517025
0.5499832924517025
0.5499832924517025
0.5499832924517025
0.5499832924517025
0.5499832924517025
0.5499832924517025
0.5499832924517025
0.5499832924517025
0.5499832924517025
0.5499832924517025
0.5499832924517025
0.5499832924517025
0.5499832924517025
0.5499832924517025
0.5499832924517025
0.5499832924517025
0.5499832924517025
0.5499832924517025
0.5499832924517025
0.5499832924517025
0.5499832924517025
0.5499832924517025
0.5499832924517025
0.5499832924517025
0.5499832924517025
0.5499832924517025
0.5499832924517025
0.5499832924517025
0.5499832924517025
0.5499832924517025
0.5499832924517025
0.5499832924517025
0.5499832924517025
0.5499832924517025
0.5499832924517025
0.5499832924517025
0.5499832924517025
0.5499832924517025
0.5499832924517025
0.5499832924517025
0.5499832924517025
0.5499832924517025
0.5499832924517025
0.5499832924517025
0.5499832924517025
0.5499832924517025
0.5499832924517025
0.5499832924517025
0.5499832924517025
0.5499832924517025
0.5499832924517025
0.5499832924517025
0.5499832924517025
0.5499832924517025
0.5499832924517025
0.5499832924517025
0.5499832924517025
0.5499832924517025
0.5499832924517025
0.5499832924517025
0.5499832924517025
0.5499832924517025
0.5499832924517025
0.5499832924517025
0.5499832924517025
0.5499832924517025
0.5499832924517025
0.5499832924517025
0.5499832924517025
0.5499832924517025
0.5499832924517025
0.5499832924517025
0.5499832924517025
0.5499832924517025
0.5499832924517025
0.5499832924517025
0.5499832924517025
0.5499832924517025
0.5499832924517025
0.5499832924517025
0.5499832924517025
0.5499832924517025
0.5499832924517025
0.5499832924517025
0.5499832924517025
0.5499832924517025
0.5499832924517025
0.5499832924517025
0.5499832924517025
0.5499832924517025
0.5499832924517025
0.5499832924517025
0.5499832924517025
0.5499832924517025
0.5499832924517025
0.5499832924517025
0.5499832924517025
0.5499832924517025
0.5499832924517025
0.5499832924517025
0.5499832924517025
0.5499832924517025
0.5499832924517025
0.5499832924517025
0.5499832924517025
0.5499832924517025
0.5499832924517025
0.5499832924517025
0.5499832924517025
0.5499832924517025
0.5499832924517025
0.5499832924517025
0.5499832924517025
0.5499832924517025
0.5499832924517025
0.5499832924517025
0.5499832924517025
0.5499832924517025
0.5499832924517025
0.5499832924517025
0.5499832924517025
0.5499832924517025
0.5499832924517025
0.5499832924517025
0.5499832924517025
0.5499832924517025
0.5499832924517025
0.5499832924517025
0.5499832924517025
0.5499832924517025
0.5499832924517025
0.5499832924517025
0.5499832924517025
0.5499832924517025
0.5499832924517025
0.5499832924517025
0.5499832924517025
0.5499832924517025
0.5499832924517025
0.5499832924517025
0.5499832924517025
0.5499832924517025
0.5499832924517025
0.5499832924517025
0.5499832924517025
0.5499832924517025
0.5499832924517025
0.5499832924517025
0.5499832924517025
0.5499832924517025
0.5499832924517025
0.5499832924517025
0.5499832924517025
0.5499832924517025
0.5499832924517025
0.5499832924517025
0.5499832924517025
0.5499832924517025
0.5499832924517025
0.5499832924517025
0.5499832924517025
0.5499832924517025
0.5499832924517025
0.5499832924517025
0.5499832924517025
0.5499832924517025
0.5499832924517025
0.5499832924517025
0.5499832924517025
0.5499832924517025
0.5499832924517025
0.5499832924517025
0.5499832924517025
0.5499832924517025
0.5499832924517025
0.5499832924517025
0.5499832924517025
0.5499832924517025
0.5499832924517025
0.5499832924517025
0.5499832924517025
0.5499832924517025
0.5499832924517025
0.5499832924517025
0.5499832924517025
0.5499832924517025
0.5499832924517025
0.5499832924517025
0.5499832924517025
0.5499832924517025
0.5499832924517025
0.5499832924517025
0.5499832924517025
0.5499832924517025
0.5499832924517025
0.5499832924517025
0.5499832924517025
0.5499832924517025
0.5499832924517025
0.5499832924517025
0.5499832924517025
0.5499832924517025
0.5499832924517025
0.5499832924517025
0.5499832924517025
0.5499832924517025
0.5499832924517025
0.5499832924517025
0.5499832924517025
0.5499832924517025
0.5499832924517025
0.5499832924517025
0.5499832924517025
0.5499832924517025
0.5499832924517025
0.5499832924517025
0.5499832924517025
0.5499832924517025
0.5499832924517025
0.5499832924517025
0.5499832924517025
0.5499832924517025
0.5499832924517025
0.5499832924517025
0.5499832924517025
0.5499832924517025
0.5499832924517025
0.5499832924517025
0.5499832924517025
0.5499832924517025
0.5499832924517025
0.5499832924517025
0.5499832924517025
0.5499832924517025
0.5499832924517025
0.5499832924517025
0.5499832924517025
0.5499832924517025
0.5499832924517025
0.5499832924517025
0.5499832924517025
0.5499832924517025
0.5499832924517025
0.5499832924517025
0.5499832924517025
0.5499832924517025
0.5499832924517025
0.5499832924517025
0.5499832924517025
0.5499832924517025
0.5499832924517025
0.5499832924517025
0.5499832924517025
0.5499832924517025
0.5499832924517025
0.5499832924517025
0.5499832924517025
0.5499832924517025
0.5499832924517025
0.5499832924517025
0.5499832924517025
0.5499832924517025
0.5499832924517025
0.5499832924517025
0.5499832924517025
0.5499832924517025
0.5499832924517025
0.5499832924517025
0.5499832924517025
0.5499832924517025
0.5499832924517025
0.5499832924517025
0.5499832924517025
0.5499832924517025
0.5499832924517025
0.5499832924517025
0.5499832924517025
0.5499832924517025
0.5499832924517025
0.5499832924517025
0.5499832924517025
0.5499832924517025
0.5499832924517025
0.5499832924517025
0.5499832924517025
0.5499832924517025
0.5499832924517025
0.5499832924517025
0.5499832924517025
0.5499832924517025
0.5499832924517025
0.5499832924517025
0.5499832924517025
0.5499832924517025
0.5499832924517025
0.5499832924517025
0.5499832924517025
0.5499832924517025
0.5499832924517025
0.5499832924517025
0.5499832924517025
0.5499832924517025
0.5499832924517025
0.5499832924517025
0.5499832924517025
0.5499832924517025
0.5499832924517025
0.5499832924517025
0.5499832924517025
0.5499832924517025
0.5499832924517025
0.5499832924517025
0.5499832924517025
0.5499832924517025
0.5499832924517025
0.5499832924517025
0.5499832924517025
0.5499832924517025
0.5499832924517025
0.5499832924517025
0.5499832924517025
0.5499832924517025
0.5499832924517025
0.5499832924517025
0.5499832924517025
0.5499832924517025
0.5499832924517025
0.5499832924517025
0.5499832924517025
0.5499832924517025
0.5499832924517025
0.5499832924517025
0.5499832924517025
0.5499832924517025
0.5499832924517025
0.5499832924517025
0.5499832924517025
0.5499832924517025
0.5499832924517025
0.5499832924517025
0.5499832924517025
0.5499832924517025
0.5499832924517025
0.5499832924517025
0.5499832924517025
0.5499832924517025
0.5499832924517025
0.5499832924517025
0.5499832924517025
0.5499832924517025
0.5499832924517025
0.5499832924517025
0.5499832924517025
0.5499832924517025
0.5499832924517025
0.5499832924517025
0.5499832924517025
0.5499832924517025
0.5499832924517025
0.5499832924517025
0.5499832924517025
0.5499832924517025
0.5499832924517025
0.5499832924517025
0.5499832924517025
0.5499832924517025
0.5499832924517025
0.5499832924517025
0.5499832924517025
0.5499832924517025
0.5499832924517025
0.5499832924517025
0.5499832924517025
0.5499832924517025
0.5499832924517025
0.5499832924517025
0.5499832924517025
0.5499832924517025
0.5499832924517025
0.5499832924517025
0.5499832924517025
0.5499832924517025
0.5499832924517025
0.5499832924517025
0.5499832924517025
0.5499832924517025
0.5499832924517025
0.5499832924517025
0.5499832924517025
0.5499832924517025
0.5499832924517025
0.5499832924517025
0.5499832924517025
0.5499832924517025
0.5499832924517025
0.5499832924517025
0.5499832924517025
0.5499832924517025
0.5499832924517025
0.5499832924517025
0.5499832924517025
0.5499832924517025
0.5499832924517025
0.5499832924517025
0.5499832924517025
0.5499832924517025
0.5499832924517025
0.5499832924517025
0.5499832924517025
0.5499832924517025
0.5499832924517025
0.5499832924517025
0.5499832924517025
0.5499832924517025
0.5499832924517025
0.5499832924517025
0.5499832924517025
0.5499832924517025
0.5499832924517025
0.5499832924517025
0.5499832924517025
0.5499832924517025
0.5499832924517025
0.5499832924517025
0.5499832924517025
0.5499832924517025
0.5499832924517025
0.5499832924517025
0.5499832924517025
0.5499832924517025
0.5499832924517025
0.5499832924517025
0.5499832924517025
0.5499832924517025
0.5499832924517025
0.5499832924517025
0.5499832924517025
0.5499832924517025
0.5499832924517025
0.5499832924517025
0.5499832924517025
0.5499832924517025
0.5499832924517025
0.5499832924517025
0.5499832924517025
0.5499832924517025
0.5499832924517025
0.5499832924517025
0.5499832924517025
0.5499832924517025
0.5499832924517025
0.5499832924517025
0.5499832924517025
0.5499832924517025
0.5499832924517025
0.5499832924517025
0.5499832924517025
0.5499832924517025
0.5499832924517025
0.5499832924517025
0.5499832924517025
0.5499832924517025
0.5499832924517025
0.5499832924517025
0.5499832924517025
0.5499832924517025
0.5499832924517025
0.5499832924517025
0.5499832924517025
0.5499832924517025
0.5499832924517025
0.5499832924517025
0.5499832924517025
0.5499832924517025
0.5499832924517025
0.5499832924517025
0.5499832924517025
0.5499832924517025
0.5499832924517025
0.5499832924517025
0.5499832924517025
0.5499832924517025
0.5499832924517025
0.5499832924517025
0.5499832924517025
0.5499832924517025
0.5499832924517025
0.5499832924517025
0.5499832924517025
0.5499832924517025
0.5499832924517025
0.5499832924517025
0.5499832924517025
0.5499832924517025
0.5499832924517025
0.5499832924517025
0.5499832924517025
0.5499832924517025
0.5499832924517025
0.5499832924517025
0.5499832924517025
0.5499832924517025
0.5499832924517025
0.5499832924517025
0.5499832924517025
0.5499832924517025
0.5499832924517025
0.5499832924517025
0.5499832924517025
0.5499832924517025
0.5499832924517025
0.5499832924517025
0.5499832924517025
0.5499832924517025
0.5499832924517025
0.5499832924517025
0.5499832924517025
0.5499832924517025
0.5499832924517025
0.5499832924517025
0.5499832924517025
0.5499832924517025
0.5499832924517025
0.5499832924517025
0.5499832924517025
0.5499832924517025
0.5499832924517025
0.5499832924517025
0.5499832924517025
0.5499832924517025
0.5499832924517025
0.5499832924517025
0.5499832924517025
0.5499832924517025
0.5499832924517025
0.5499832924517025
0.5499832924517025
0.5499832924517025
0.5499832924517025
0.5499832924517025
0.5499832924517025
0.5499832924517025
0.5499832924517025
0.5499832924517025
0.5499832924517025
0.5499832924517025
0.5499832924517025
0.5499832924517025
0.5499832924517025
0.5499832924517025
0.5499832924517025
0.5499832924517025
0.5499832924517025
0.5499832924517025
0.5499832924517025
0.5499832924517025
0.5499832924517025
0.5499832924517025
0.5499832924517025
0.5499832924517025
0.5499832924517025
0.5499832924517025
0.5499832924517025
0.5499832924517025
0.5499832924517025
0.5499832924517025
0.5499832924517025
0.5499832924517025
0.5499832924517025
0.5499832924517025
0.5499832924517025
0.5499832924517025
0.5499832924517025
0.5499832924517025
0.5499832924517025
0.5499832924517025
0.5499832924517025
0.5499832924517025
0.5499832924517025
0.5499832924517025
0.5499832924517025
0.5499832924517025
0.5499832924517025
0.5499832924517025
0.5499832924517025
0.5499832924517025
0.5499832924517025
0.5499832924517025
0.5499832924517025
0.5499832924517025
0.5499832924517025
0.5499832924517025
0.5499832924517025
0.5499832924517025
0.5499832924517025
0.5499832924517025
0.5499832924517025
0.5499832924517025
0.5499832924517025
0.5499832924517025
0.5499832924517025
0.5499832924517025
0.5499832924517025
0.5499832924517025
0.5499832924517025
0.5499832924517025
0.5499832924517025
0.5499832924517025
0.5499832924517025
0.5499832924517025
0.5499832924517025
0.5499832924517025
0.5499832924517025
0.5499832924517025
0.5499832924517025
0.5499832924517025
0.5499832924517025
0.5499832924517025
0.5499832924517025
0.5499832924517025
0.5499832924517025
0.5499832924517025
0.5499832924517025
0.5499832924517025
0.5499832924517025
0.5499832924517025
0.5499832924517025
0.5499832924517025
0.5499832924517025
0.5499832924517025
0.5499832924517025
0.5499832924517025
0.5499832924517025
0.5499832924517025
0.5499832924517025
0.5499832924517025
0.5499832924517025
0.5499832924517025
0.5499832924517025
0.5499832924517025
0.5499832924517025
0.5499832924517025
0.5499832924517025
0.5499832924517025
0.5499832924517025
0.5499832924517025
0.5499832924517025
0.5499832924517025
0.5499832924517025
0.5499832924517025
0.5499832924517025
0.5499832924517025
0.5499832924517025
0.5499832924517025
0.5499832924517025
0.5499832924517025
0.5499832924517025
0.5499832924517025
0.5499832924517025
0.5499832924517025
0.5499832924517025
0.5499832924517025
0.5499832924517025
0.5499832924517025
0.5499832924517025
0.5499832924517025
0.5499832924517025
0.5499832924517025
0.5499832924517025
0.5499832924517025
0.5499832924517025
0.5499832924517025
0.5499832924517025
0.5499832924517025
0.5499832924517025
0.5499832924517025
0.5499832924517025
0.5499832924517025
0.5499832924517025
0.5499832924517025
0.5499832924517025
0.5499832924517025
0.5499832924517025
0.5499832924517025
0.5499832924517025
0.5499832924517025
0.5499832924517025
0.5499832924517025
0.5499832924517025
0.5499832924517025
0.5499832924517025
0.5499832924517025
0.5499832924517025
0.5499832924517025
0.5499832924517025
0.5499832924517025
0.5499832924517025
0.5499832924517025
0.5499832924517025
0.5499832924517025
0.5499832924517025
0.5499832924517025
0.5499832924517025
0.5499832924517025
0.5499832924517025
0.5499832924517025
0.5499832924517025
0.5499832924517025
0.5499832924517025
0.5499832924517025
0.5499832924517025
0.5499832924517025
0.5499832924517025
0.5499832924517025
0.5499832924517025
0.5499832924517025
0.5499832924517025
0.5499832924517025
0.5499832924517025
0.5499832924517025
0.5499832924517025
0.5499832924517025
0.5499832924517025
0.5499832924517025
0.5499832924517025
0.5499832924517025
0.5499832924517025
0.5499832924517025
0.5499832924517025
0.5499832924517025
0.5499832924517025
0.5499832924517025
0.5499832924517025
0.5499832924517025
0.5499832924517025
0.5499832924517025
0.5499832924517025
0.5499832924517025
0.5499832924517025
0.5499832924517025
0.5499832924517025
0.5499832924517025
0.5499832924517025
0.5499832924517025
0.5499832924517025
0.5499832924517025
0.5499832924517025
0.5499832924517025
0.5499832924517025
0.5499832924517025
0.5499832924517025
0.5499832924517025
0.5499832924517025
0.5499832924517025
0.5499832924517025
0.5499832924517025
0.5499832924517025
0.5499832924517025
0.5499832924517025
0.5499832924517025
0.5499832924517025
0.5499832924517025
0.5499832924517025
0.5499832924517025
0.5499832924517025
0.5499832924517025
0.5499832924517025
0.5499832924517025
0.5499832924517025
0.5499832924517025
0.5499832924517025
0.5499832924517025
0.5499832924517025
0.5499832924517025
0.5499832924517025
0.5499832924517025
0.5499832924517025
0.5499832924517025
0.5499832924517025
0.5499832924517025
0.5499832924517025
0.5499832924517025
0.5499832924517025
0.5499832924517025
0.5499832924517025
0.5499832924517025
0.5499832924517025
0.5499832924517025
0.5499832924517025
0.5499832924517025
0.5499832924517025
0.5499832924517025
0.5499832924517025
0.5499832924517025
0.5499832924517025
0.5499832924517025
0.5499832924517025
0.5499832924517025
0.5499832924517025
0.5499832924517025
0.5499832924517025
0.5499832924517025
0.5499832924517025
0.5499832924517025
0.5499832924517025
0.5499832924517025
0.5499832924517025
0.5499832924517025
0.5499832924517025
0.5499832924517025
0.5499832924517025
0.5499832924517025
0.5499832924517025
0.5499832924517025
0.5499832924517025
0.5499832924517025
0.5499832924517025
0.5499832924517025
0.5499832924517025
0.5499832924517025
0.5499832924517025
0.5499832924517025
0.5499832924517025
0.5499832924517025
0.5499832924517025
0.5499832924517025
0.5499832924517025
