0.045008634258719815
-0.04323977253350719
0.4357068095874037
-0.15082354758386685
0.482117512094445
-0.050888279086107824
0.578138757165354
0.040945751736383595
0.3066445392840148
0.4721374598014412
0.6252237969594767
-0.08812644174010309
-0.060429496949375494
0.48702533448559526
0.49871452112688774
0.4507681659142905
-0.013134682264285713
-0.08943553400695659
0.6650121551992783
-0.0009830070010656833
0.6858294431734907
0.45760867990103116
-0.029953901165125307
-0.09322836933830714
-0.016829706673701095
0.025584628229814332
-0.019768965104002056
0.3370836263721817
-0.03547150202389804
0.08166654433197029
-0.048833220778941255
-0.034682172538163636
0.1105438920142936
0.10537682048460317
-0.007479675043213119
-0.12658126386212842
-0.08910987365977618
0.30703262325393454
-0.08816743048206366
-0.051502114536364774
0.021472453194111285
-0.034326673435334465
-0.04323977253350719
0.609279925164455
-0.009339748970196737
-0.051753990704334285
0.0022188270253969966
-0.06455356261561085
-0.009360917082896325
0.034242656281291195
-0.026078759669625917
-0.025643618029330906
0.6707860424956067
0.036343350416572884
-0.0509307787074178
0.017366370660746644
-0.009054730868491845
-0.05427959774995261
-0.020379780393984026
0.017366370660746644
-0.023971155769340946
-0.07985548505889417
-0.00956665985343741
0.3999036772697423
0.677707633884954
0.0711783598183352
-0.05764438250836634
-0.021896741559719546
0.5352882722490526
0.5367935767632954
-0.045696594468021434
0.5734011858292054
0.5354741648171735
0.5565923388648328
0.5433900511896386
-0.02728590823436372
0.4635075254522961
0.07420069066397572
0.5348710539599388
0.4866683804503329
0.5357754506386927
0.5345236961229134
0.5346511764213395
0.5431360191277824
0.5345018261782924
0.534398560296208
0.5341548126404599
0.5426016404383198
-0.026905856134179507
0.5426016404383198
0.5423467678651838
0.5423467678651838
0.5423467678651838
0.5423467678651838
0.5424732649554158
0.5423467678651838
0.5423467678651838
0.5423467678651838
0.5423467678651838
0.5424732649554158
0.5423467678651838
0.5423467678651838
0.5423467678651838
0.5423467678651838
0.5423467678651838
0.5423467678651838
0.5423467678651838
0.5423467678651838
0.5423467678651838
0.5423467678651838
0.5423467678651838
0.5423467678651838
0.5423467678651838
0.5423467678651838
0.5423467678651838
0.5423467678651838
0.5423467678651838
0.5423467678651838
0.5423467678651838
0.5423467678651838
0.5423467678651838
0.5423467678651838
0.5423467678651838
0.5423467678651838
0.5423467678651838
0.5423467678651838
0.5423467678651838
0.5423467678651838
0.5423467678651838
0.5423467678651838
0.5423467678651838
0.5423467678651838
0.5423467678651838
0.5423467678651838
0.5423467678651838
0.5423467678651838
0.5423467678651838
0.5423467678651838
0.5423467678651838
0.5423467678651838
0.5423467678651838
0.5423467678651838
0.5423467678651838
0.5423467678651838
0.5423467678651838
0.5423467678651838
0.5423467678651838
0.5423467678651838
0.5423467678651838
0.5423467678651838
0.5423467678651838
0.5423467678651838
0.5423467678651838
0.5423467678651838
0.5423467678651838
0.5423467678651838
0.5423467678651838
0.5423467678651838
0.5423467678651838
0.5423467678651838
0.5423467678651838
0.5423467678651838
0.5423467678651838
0.5423467678651838
0.5423467678651838
0.5423467678651838
0.5423467678651838
0.5423467678651838
0.5423467678651838
0.5423467678651838
0.5423467678651838
0.5423467678651838
0.5423467678651838
0.5423467678651838
0.5423467678651838
0.5423467678651838
0.5423467678651838
0.5423467678651838
0.5423467678651838
0.5423467678651838
0.5423467678651838
0.5423467678651838
0.5423467678651838
0.5423467678651838
0.5423467678651838
0.5423467678651838
0.5423467678651838
0.5423467678651838
0.5423467678651838
0.5423467678651838
0.5423467678651838
0.5423467678651838
0.5423467678651838
0.5423467678651838
0.5423467678651838
0.5423467678651838
0.5423467678651838
0.5423467678651838
0.5423467678651838
0.5423467678651838
0.5423467678651838
0.5423467678651838
0.5423467678651838
0.5423467678651838
0.5423467678651838
0.5423467678651838
0.5423467678651838
0.5423467678651838
0.5423467678651838
0.5423467678651838
0.5423467678651838
0.5423467678651838
0.5423467678651838
0.5423467678651838
0.5423467678651838
0.5423467678651838
0.5423467678651838
0.5423467678651838
0.5423467678651838
0.5423467678651838
0.5423467678651838
0.5423467678651838
0.5423467678651838
0.5423467678651838
0.5423467678651838
0.5423467678651838
0.5423467678651838
0.5423467678651838
0.5423467678651838
0.5423467678651838
0.5423467678651838
0.5423467678651838
0.5423467678651838
0.5423467678651838
0.5423467678651838
0.5423467678651838
0.5423467678651838
0.5423467678651838
0.5423467678651838
0.5423467678651838
0.5423467678651838
0.5423467678651838
0.5423467678651838
0.5423467678651838
0.5423467678651838
0.5423467678651838
0.5423467678651838
0.5423467678651838
0.5423467678651838
0.5423467678651838
0.5423467678651838
0.5423467678651838
0.5423467678651838
0.5423467678651838
0.5423467678651838
0.5423467678651838
0.5423467678651838
0.5423467678651838
0.5423467678651838
0.5423467678651838
0.5423467678651838
0.5423467678651838
0.5423467678651838
0.5423467678651838
0.5423467678651838
0.5423467678651838
0.5423467678651838
0.5423467678651838
0.5423467678651838
0.5423467678651838
0.5423467678651838
0.5423467678651838
0.5423467678651838
0.5423467678651838
0.5423467678651838
0.5423467678651838
0.5423467678651838
0.5423467678651838
0.5423467678651838
0.5423467678651838
0.5423467678651838
0.5423467678651838
0.5423467678651838
0.5423467678651838
0.5423467678651838
0.5423467678651838
0.5423467678651838
0.5423467678651838
0.5423467678651838
0.5423467678651838
0.5423467678651838
0.5423467678651838
0.5423467678651838
0.5423467678651838
0.5423467678651838
0.5423467678651838
0.5423467678651838
0.5423467678651838
0.5423467678651838
0.5423467678651838
0.5423467678651838
0.5423467678651838
0.5423467678651838
0.5423467678651838
0.5423467678651838
0.5423467678651838
0.5423467678651838
0.5423467678651838
0.5423467678651838
0.5423467678651838
0.5423467678651838
0.5423467678651838
0.5423467678651838
0.5423467678651838
0.5423467678651838
0.5423467678651838
0.5423467678651838
0.5423467678651838
0.5423467678651838
0.5423467678651838
0.5423467678651838
0.5423467678651838
0.5423467678651838
0.5423467678651838
0.5423467678651838
0.5423467678651838
0.5423467678651838
0.5423467678651838
0.5423467678651838
0.5423467678651838
0.5423467678651838
0.5423467678651838
0.5423467678651838
0.5423467678651838
0.5423467678651838
0.5423467678651838
0.5423467678651838
0.5423467678651838
0.5423467678651838
0.5423467678651838
0.5423467678651838
0.5423467678651838
0.5423467678651838
0.5423467678651838
0.5423467678651838
0.5423467678651838
0.5423467678651838
0.5423467678651838
0.5423467678651838
0.5423467678651838
0.5423467678651838
0.5423467678651838
0.5423467678651838
0.5423467678651838
0.5423467678651838
0.5423467678651838
0.5423467678651838
0.5423467678651838
0.5423467678651838
0.5423467678651838
0.5423467678651838
0.5423467678651838
0.5423467678651838
0.5423467678651838
0.5423467678651838
0.5423467678651838
0.5423467678651838
0.5423467678651838
0.5423467678651838
0.5423467678651838
0.5423467678651838
0.5423467678651838
0.5423467678651838
0.5423467678651838
0.5423467678651838
0.5423467678651838
0.5423467678651838
0.5423467678651838
0.5423467678651838
0.5423467678651838
0.5423467678651838
0.5423467678651838
0.5423467678651838
0.5423467678651838
0.5423467678651838
0.5423467678651838
0.5423467678651838
0.5423467678651838
0.5423467678651838
0.5423467678651838
0.5423467678651838
0.5423467678651838
0.5423467678651838
0.5423467678651838
0.5423467678651838
0.5423467678651838
0.5423467678651838
0.5423467678651838
0.5423467678651838
0.5423467678651838
0.5423467678651838
0.5423467678651838
0.5423467678651838
0.5423467678651838
0.5423467678651838
0.5423467678651838
0.5423467678651838
0.5423467678651838
0.5423467678651838
0.5423467678651838
0.5423467678651838
0.5423467678651838
0.5423467678651838
0.5423467678651838
0.5423467678651838
0.5423467678651838
0.5423467678651838
0.5423467678651838
0.5423467678651838
0.5423467678651838
0.5423467678651838
0.5423467678651838
0.5423467678651838
0.5423467678651838
0.5423467678651838
0.5423467678651838
0.5423467678651838
0.5423467678651838
0.5423467678651838
0.5423467678651838
0.5423467678651838
0.5423467678651838
0.5423467678651838
0.5423467678651838
0.5423467678651838
0.5423467678651838
0.5423467678651838
0.5423467678651838
0.5423467678651838
0.5423467678651838
0.5423467678651838
0.5423467678651838
0.5423467678651838
0.5423467678651838
0.5423467678651838
0.5423467678651838
0.5423467678651838
0.5423467678651838
0.5423467678651838
0.5423467678651838
0.5423467678651838
0.5423467678651838
0.5423467678651838
0.5423467678651838
0.5423467678651838
0.5423467678651838
0.5423467678651838
0.5423467678651838
0.5423467678651838
0.5423467678651838
0.5423467678651838
0.5423467678651838
0.5423467678651838
0.5423467678651838
0.5423467678651838
0.5423467678651838
0.5423467678651838
0.5423467678651838
0.5423467678651838
0.5423467678651838
0.5423467678651838
0.5423467678651838
0.5423467678651838
0.5423467678651838
0.5423467678651838
0.5423467678651838
0.5423467678651838
0.5423467678651838
0.5423467678651838
0.5423467678651838
0.5423467678651838
0.5423467678651838
0.5423467678651838
0.5423467678651838
0.5423467678651838
0.5423467678651838
0.5423467678651838
0.5423467678651838
0.5423467678651838
0.5423467678651838
0.5423467678651838
0.5423467678651838
0.5423467678651838
0.5423467678651838
0.5423467678651838
0.5423467678651838
0.5423467678651838
0.5423467678651838
0.5423467678651838
0.5423467678651838
0.5423467678651838
0.5423467678651838
0.5423467678651838
0.5423467678651838
0.5423467678651838
0.5423467678651838
0.5423467678651838
0.5423467678651838
0.5423467678651838
0.5423467678651838
0.5423467678651838
0.5423467678651838
0.5423467678651838
0.5423467678651838
0.5423467678651838
0.5423467678651838
0.5423467678651838
0.5423467678651838
0.5423467678651838
0.5423467678651838
0.5423467678651838
0.5423467678651838
0.5423467678651838
0.5423467678651838
0.5423467678651838
0.5423467678651838
0.5423467678651838
0.5423467678651838
0.5423467678651838
0.5423467678651838
0.5423467678651838
0.5423467678651838
0.5423467678651838
0.5423467678651838
0.5423467678651838
0.5423467678651838
0.5423467678651838
0.5423467678651838
0.5423467678651838
0.5423467678651838
0.5423467678651838
0.5423467678651838
0.5423467678651838
0.5423467678651838
0.5423467678651838
0.5423467678651838
0.5423467678651838
0.5423467678651838
0.5423467678651838
0.5423467678651838
0.5423467678651838
0.5423467678651838
0.5423467678651838
0.5423467678651838
0.5423467678651838
0.5423467678651838
0.5423467678651838
0.5423467678651838
0.5423467678651838
0.5423467678651838
0.5423467678651838
0.5423467678651838
0.5423467678651838
0.5423467678651838
0.5423467678651838
0.5423467678651838
0.5423467678651838
0.5423467678651838
0.5423467678651838
0.5423467678651838
0.5423467678651838
0.5423467678651838
0.5423467678651838
0.5423467678651838
0.5423467678651838
0.5423467678651838
0.5423467678651838
0.5423467678651838
0.5423467678651838
0.5423467678651838
0.5423467678651838
0.5423467678651838
0.5423467678651838
0.5423467678651838
0.5423467678651838
0.5423467678651838
0.5423467678651838
0.5423467678651838
0.5423467678651838
0.5423467678651838
0.5423467678651838
0.5423467678651838
0.5423467678651838
0.5423467678651838
0.5423467678651838
0.5423467678651838
0.5423467678651838
0.5423467678651838
0.5423467678651838
0.5423467678651838
0.5423467678651838
0.5423467678651838
0.5423467678651838
0.5423467678651838
0.5423467678651838
0.5423467678651838
0.5423467678651838
0.5423467678651838
0.5423467678651838
0.5423467678651838
0.5423467678651838
0.5423467678651838
0.5423467678651838
0.5423467678651838
0.5423467678651838
0.5423467678651838
0.5423467678651838
0.5423467678651838
0.5423467678651838
0.5423467678651838
0.5423467678651838
0.5423467678651838
0.5423467678651838
0.5423467678651838
0.5423467678651838
0.5423467678651838
0.5423467678651838
0.5423467678651838
0.5423467678651838
0.5423467678651838
0.5423467678651838
0.5423467678651838
0.5423467678651838
0.5423467678651838
0.5423467678651838
0.5423467678651838
0.5423467678651838
0.5423467678651838
0.5423467678651838
0.5423467678651838
0.5423467678651838
0.5423467678651838
0.5423467678651838
0.5423467678651838
0.5423467678651838
0.5423467678651838
0.5423467678651838
0.5423467678651838
0.5423467678651838
0.5423467678651838
0.5423467678651838
0.5423467678651838
0.5423467678651838
0.5423467678651838
0.5423467678651838
0.5423467678651838
0.5423467678651838
0.5423467678651838
0.5423467678651838
0.5423467678651838
0.5423467678651838
0.5423467678651838
0.5423467678651838
0.5423467678651838
0.5423467678651838
0.5423467678651838
0.5423467678651838
0.5423467678651838
0.5423467678651838
0.5423467678651838
0.5423467678651838
0.5423467678651838
0.5423467678651838
0.5423467678651838
0.5423467678651838
0.5423467678651838
0.5423467678651838
0.5423467678651838
0.5423467678651838
0.5423467678651838
0.5423467678651838
0.5423467678651838
0.5423467678651838
0.5423467678651838
0.5423467678651838
0.5423467678651838
0.5423467678651838
0.5423467678651838
0.5423467678651838
0.5423467678651838
0.5423467678651838
0.5423467678651838
0.5423467678651838
0.5423467678651838
0.5423467678651838
0.5423467678651838
0.5423467678651838
0.5423467678651838
0.5423467678651838
0.5423467678651838
0.5423467678651838
0.5423467678651838
0.5423467678651838
0.5423467678651838
0.5423467678651838
0.5423467678651838
0.5423467678651838
0.5423467678651838
0.5423467678651838
0.5423467678651838
0.5423467678651838
0.5423467678651838
0.5423467678651838
0.5423467678651838
0.5423467678651838
0.5423467678651838
0.5423467678651838
0.5423467678651838
0.5423467678651838
0.5423467678651838
0.5423467678651838
0.5423467678651838
0.5423467678651838
0.5423467678651838
0.5423467678651838
0.5423467678651838
0.5423467678651838
0.5423467678651838
0.5423467678651838
0.5423467678651838
0.5423467678651838
0.5423467678651838
0.5423467678651838
0.5423467678651838
0.5423467678651838
0.5423467678651838
0.5423467678651838
0.5423467678651838
0.5423467678651838
0.5423467678651838
0.5423467678651838
0.5423467678651838
0.5423467678651838
0.5423467678651838
0.5423467678651838
0.5423467678651838
0.5423467678651838
0.5423467678651838
0.5423467678651838
0.5423467678651838
0.5423467678651838
0.5423467678651838
0.5423467678651838
0.5423467678651838
0.5423467678651838
0.5423467678651838
0.5423467678651838
0.5423467678651838
0.5423467678651838
0.5423467678651838
0.5423467678651838
0.5423467678651838
0.5423467678651838
0.5423467678651838
0.5423467678651838
0.5423467678651838
0.5423467678651838
0.5423467678651838
0.5423467678651838
0.5423467678651838
0.5423467678651838
0.5423467678651838
0.5423467678651838
0.5423467678651838
0.5423467678651838
0.5423467678651838
0.5423467678651838
0.5423467678651838
0.5423467678651838
0.5423467678651838
0.5423467678651838
0.5423467678651838
0.5423467678651838
0.5423467678651838
0.5423467678651838
0.5423467678651838
0.5423467678651838
0.5423467678651838
0.5423467678651838
0.5423467678651838
0.5423467678651838
0.5423467678651838
0.5423467678651838
0.5423467678651838
0.5423467678651838
0.5423467678651838
0.5423467678651838
0.5423467678651838
0.5423467678651838
0.5423467678651838
0.5423467678651838
0.5423467678651838
0.5423467678651838
0.5423467678651838
0.5423467678651838
0.5423467678651838
0.5423467678651838
0.5423467678651838
0.5423467678651838
0.5423467678651838
0.5423467678651838
0.5423467678651838
0.5423467678651838
0.5423467678651838
0.5423467678651838
0.5423467678651838
0.5423467678651838
0.5423467678651838
0.5423467678651838
0.5423467678651838
0.5423467678651838
0.5423467678651838
0.5423467678651838
0.5423467678651838
0.5423467678651838
0.5423467678651838
0.5423467678651838
0.5423467678651838
0.5423467678651838
0.5423467678651838
0.5423467678651838
0.5423467678651838
0.5423467678651838
0.5423467678651838
0.5423467678651838
0.5423467678651838
0.5423467678651838
0.5423467678651838
0.5423467678651838
0.5423467678651838
0.5423467678651838
0.5423467678651838
0.5423467678651838
0.5423467678651838
0.5423467678651838
0.5423467678651838
0.5423467678651838
0.5423467678651838
0.5423467678651838
0.5423467678651838
0.5423467678651838
0.5423467678651838
0.5423467678651838
0.5423467678651838
0.5423467678651838
0.5423467678651838
0.5423467678651838
0.5423467678651838
0.5423467678651838
0.5423467678651838
0.5423467678651838
0.5423467678651838
0.5423467678651838
0.5423467678651838
0.5423467678651838
0.5423467678651838
0.5423467678651838
0.5423467678651838
0.5423467678651838
0.5423467678651838
0.5423467678651838
0.5423467678651838
0.5423467678651838
0.5423467678651838
0.5423467678651838
0.5423467678651838
0.5423467678651838
0.5423467678651838
0.5423467678651838
0.5423467678651838
0.5423467678651838
0.5423467678651838
0.5423467678651838
0.5423467678651838
0.5423467678651838
0.5423467678651838
0.5423467678651838
0.5423467678651838
0.5423467678651838
0.5423467678651838
0.5423467678651838
0.5423467678651838
0.5423467678651838
0.5423467678651838
0.5423467678651838
0.5423467678651838
0.5423467678651838
0.5423467678651838
0.5423467678651838
0.5423467678651838
0.5423467678651838
0.5423467678651838
0.5423467678651838
0.5423467678651838
0.5423467678651838
0.5423467678651838
0.5423467678651838
0.5423467678651838
0.5423467678651838
0.5423467678651838
0.5423467678651838
0.5423467678651838
0.5423467678651838
0.5423467678651838
0.5423467678651838
0.5423467678651838
0.5423467678651838
0.5423467678651838
0.5423467678651838
0.5423467678651838
0.5423467678651838
0.5423467678651838
0.5423467678651838
0.5423467678651838
0.5423467678651838
0.5423467678651838
0.5423467678651838
0.5423467678651838
0.5423467678651838
0.5423467678651838
0.5423467678651838
0.5423467678651838
0.5423467678651838
0.5423467678651838
0.5423467678651838
0.5423467678651838
0.5423467678651838
0.5423467678651838
0.5423467678651838
0.5423467678651838
0.5423467678651838
0.5423467678651838
0.5423467678651838
0.5423467678651838
0.5423467678651838
0.5423467678651838
0.5423467678651838
0.5423467678651838
0.5423467678651838
0.5423467678651838
0.5423467678651838
0.5423467678651838
0.5423467678651838
0.5423467678651838
0.5423467678651838
0.5423467678651838
0.5423467678651838
0.5423467678651838
0.5423467678651838
0.5423467678651838
0.5423467678651838
0.5423467678651838
0.5423467678651838
0.5423467678651838
0.5423467678651838
0.5423467678651838
0.5423467678651838
0.5423467678651838
0.5423467678651838
0.5423467678651838
0.5423467678651838
0.5423467678651838
0.5423467678651838
0.5423467678651838
0.5423467678651838
0.5423467678651838
0.5423467678651838
0.5423467678651838
0.5423467678651838
0.5423467678651838
0.5423467678651838
0.5423467678651838
0.5423467678651838
0.5423467678651838
0.5423467678651838
0.5423467678651838
0.5423467678651838
0.5423467678651838
0.5423467678651838
0.5423467678651838
0.5423467678651838
0.5423467678651838
0.5423467678651838
0.5423467678651838
0.5423467678651838
0.5423467678651838
0.5423467678651838
0.5423467678651838
0.5423467678651838
0.5423467678651838
