0
0
0
0
0
0.029632394347853697
0.04771039467980609
0.07434601577981326
0.5915388801912473
0.63708401935394
0.5984906375936472
0
0.5484457586457558
0.03914021811535062
0.5967875333816576
0
0.5537207137828322
0.6141891309832577
0.6991509916013512
0
0.5761209394896132
0.5967875333816576
0.13579219806852738
0
0.01812518197863655
0.6470310168995179
0
0.6004605380934387
0.5422477743339085
0.5989016012145778
0.5256948781698365
0.5872191018167854
0.5217939987585046
0.6009051112866415
0.5534084856904764
0.5989016012145778
0.5484457586457558
0.5534211025694817
0.5484457586457558
0.5534211025694817
0.5534211025694817
0.5534211025694817
0.5217939987585046
0.5484457586457558
0.5523266708513905
0.6220498175467659
0.543864608717424
0.5416297818672642
0.5671620999313379
0.5412956336032171
0.5994505117330791
0.517570881871019
0.5484457586457558
0.5989016012145778
0.5427106049906629
0.5484457586457558
0.6000250432754879
0.6289428860456374
0.5671620999313379
0.5884846513791286
0.5992224455451011
0.5484457586457558
0.5412956336032171
0.5984906375936472
0.5996079124503795
0.5534211025694817
0.5989016012145778
0.5534211025694817
0.5988857949871549
0.5957247639900711
0.6668035259876544
0.6175924528971226
0.04771039467980609
0.5844384620979273
0.5996423238831432
0.5990224084296193
0.6018304445217793
0.6286744625854515
0.614330765421121
0.5992185865239283
0.6811764855424227
0.5984906375936472
0.5495061906144887
0.5986142628077881
0.6010686197944949
0.5484457586457558
0.5484457586457558
0.5484457586457558
0.6113514563587565
0.6036900692394647
0.5933054842542542
0.6009051112866415
0.5912660600611639
0.5495061906144887
0.5851658944162503
0.6261240640153487
0.5844384620979273
0.6012541625385208
0.6881026594768409
0.05780065253322386
0.6241403718706993
0.5484457586457558
0.5996423238831432
0.6455602461670698
0.6201546410147358
0.6136999080733376
0.5996423238831432
0.6155428056236883
0.5837507857676425
0.5989016012145778
0.5996423238831432
0.6189523618795422
0.6328229016506307
0.5837507857676425
0.6374270007018803
0.6159399347251757
0.5777346719827301
0.6242535663126217
0.6155428056236883
0.6013612479014636
0.6769971675307758
0.5844384620979273
0.5484457586457558
0.5844384620979273
0.6155428056236883
0.6767979250130545
0.6155428056236883
0.6034239653787039
0.6007928484822369
0.5844384620979273
0.5484457586457558
0.5484457586457558
0.6163279254535903
0.6589422397095803
0.5844384620979273
0.6206303849247212
0.6143420411492572
0.5777346719827301
0.6155428056236883
0.6206303849247212
0.5844384620979273
0.5777346719827301
0.6136999080733376
0.5777346719827301
0.5967875333816576
0.6155428056236883
0.5777346719827301
0.5995459930122489
0.6136999080733376
0.6169226081699659
0.6136999080733376
0.6341772288267711
0.5980935527208064
0.6136999080733376
0.6207553002825454
0.6143566008823276
0.6166036123026161
0.615380753803849
0.6155428056236883
0.6208122317875212
0.6366376726068519
0.6207553002825454
0.5844384620979273
0.6206303849247212
0.6692445826568818
0.6865658760183431
0.6206303849247212
0.6155428056236883
0.6207952198107215
0.6208976156065997
0.6196809125084537
0.62134129140542
0.6934592385752198
0.5844384620979273
0.6455602461670698
0.6217094364980364
0.6939904061161859
0.6211516633114733
0.5844384620979273
0.6007928484822369
0.6252204916993624
0.6168327870815826
0.6155428056236883
0.6226862509595461
0.6242631012485453
0.5484457586457558
0.6376931630017643
0.6155428056236883
0.6200051615082404
0.663787369882173
0.6685897935572894
0.6630314454303314
0.5846978535790572
0.6000411396182626
0.6226862509595461
0.6007928484822369
0.6206303849247212
0.6155428056236883
0.6320906683410288
0.662997009852176
0.6230214933986105
0.6387418873196955
0.6211800217997037
0.6206303849247212
0.6206303849247212
0.6191139206040528
0.6007928484822369
0.6226862509595461
0.5996423238831432
0.6446890443700901
0.6261240640153487
0.6371128628704844
0.642217979009265
0.6266855943373519
0.6367359247008273
0.6207553002825454
0.6370682537959074
0.6394121173336598
0.6177626514770411
0.6007928484822369
0.671560835439938
0.6007928484822369
0.6206303849247212
0.6362402099689466
0.6226862509595461
0.6206303849247212
0.6599238567939074
0.6268444524747152
0.6213554219872156
0.6177626514770411
0.6350816168992196
0.655678923589617
0.6003621232093129
0.5994337206496764
0.62929417041257
0.6143566008823276
0.6007928484822369
0.6552151535250268
0.6007928484822369
0.611170766466502
0.6029903044233955
0.6007928484822369
0.6007928484822369
0.6007928484822369
0.5967875333816576
0.63106695460223
0.6007928484822369
0.6007928484822369
0.6007928484822369
0.5948436634572464
0.6007928484822369
0.6007928484822369
0.6007928484822369
0.5948436634572464
0.5484457586457558
0.6007928484822369
0.6007928484822369
0.6007928484822369
0.6014240863158623
0.6155428056236883
0.6007928484822369
0.5967875333816576
0.6007928484822369
0.6007928484822369
0.6014240863158623
0.6007928484822369
0.6007928484822369
0.6007928484822369
0.6007928484822369
0.6007928484822369
0.6007928484822369
0.6007928484822369
0.6007928484822369
0.6007928484822369
0.6007928484822369
0.6007928484822369
0.6007928484822369
0.6007928484822369
0.6007928484822369
0.6007928484822369
0.6007928484822369
0.6007928484822369
0.6155428056236883
0.6007928484822369
0.6007928484822369
0.6007928484822369
0.6007928484822369
0.6007928484822369
0.5948436634572464
0.6007928484822369
0.6007928484822369
0.6007928484822369
0.5948436634572464
0.6007928484822369
0.6007928484822369
0.6007928484822369
0.6007928484822369
0.6007928484822369
0.6007928484822369
0.6007928484822369
0.6007928484822369
0.6007928484822369
0.6007928484822369
0.6007928484822369
0.6007928484822369
0.6007928484822369
0.6007928484822369
0.6007928484822369
0.6007928484822369
0.6007928484822369
0.6007928484822369
0.6007928484822369
0.6007928484822369
0.6007928484822369
0.6007928484822369
0.6007928484822369
0.6007928484822369
0.6007928484822369
0.6007928484822369
0.6007928484822369
0.6007928484822369
0.6007928484822369
0.6007928484822369
0.6007928484822369
0.6007928484822369
0.6007928484822369
0.6007928484822369
0.6007928484822369
0.6007928484822369
0.6007928484822369
0.6007928484822369
0.6007928484822369
0.5948436634572464
0.6007928484822369
0.6007928484822369
0.6007928484822369
0.6007928484822369
0.6007928484822369
0.6007928484822369
0.6007928484822369
0.6007928484822369
0.6007928484822369
0.6007928484822369
0.6155428056236883
0.6007928484822369
0.6007928484822369
0.6007928484822369
0.6007928484822369
0.6007928484822369
0.6007928484822369
0.6007928484822369
0.6007928484822369
0.6007928484822369
0.6007928484822369
0.6007928484822369
0.6007928484822369
0.6007928484822369
0.6007928484822369
0.6007928484822369
0.6007928484822369
0.6007928484822369
0.6007928484822369
0.6007928484822369
0.5844384620979273
0.6007928484822369
0.6007928484822369
0.6007928484822369
0.6007928484822369
0.6007928484822369
0.6007928484822369
0.6007928484822369
0.6007928484822369
0.6007928484822369
0.6007928484822369
0.5967875333816576
0.6007928484822369
0.6007928484822369
0.5967875333816576
0.6007928484822369
0.6007928484822369
0.6007928484822369
0.5967875333816576
0.6007928484822369
0.6007928484822369
0.6007928484822369
0.6007928484822369
0.6007928484822369
0.6007928484822369
0.6007928484822369
0.6007928484822369
0.6007928484822369
0.6007928484822369
0.6007928484822369
0.6007928484822369
0.6007928484822369
0.6007928484822369
0.6007928484822369
0.6007928484822369
0.6007928484822369
0.6007928484822369
0.6007928484822369
0.6000250432754879
0.6007928484822369
0.6007928484822369
0.6007928484822369
0.6007928484822369
0.6007928484822369
0.6007928484822369
0.5948436634572464
0.6007928484822369
0.6007928484822369
0.65540574789737
0.6007928484822369
0.6007928484822369
0.6007928484822369
0.6003621232093129
0.6007928484822369
0.6007928484822369
0.6007928484822369
0.6007928484822369
0.6007928484822369
0.6007928484822369
0.6007928484822369
0.6007928484822369
0.6007928484822369
0.6007928484822369
0.6007928484822369
0.6007928484822369
0.6007928484822369
0.6007928484822369
0.6007928484822369
0.6007928484822369
0.6007928484822369
0.6007928484822369
0.6007928484822369
0.6007928484822369
0.6007928484822369
0.6007928484822369
0.6007928484822369
0.6007928484822369
0.6007928484822369
0.6007928484822369
0.6007928484822369
0.6007928484822369
0.6007928484822369
0.6007928484822369
0.6007928484822369
0.6000250432754879
0.6007928484822369
0.6007928484822369
0.6007928484822369
0.6007928484822369
0.6007928484822369
0.6007928484822369
0.6007928484822369
0.6007928484822369
0.6007928484822369
0.6007928484822369
0.6007928484822369
0.6007928484822369
0.6007928484822369
0.6007928484822369
0.6007928484822369
0.6007928484822369
0.6007928484822369
0.6007928484822369
0.6007928484822369
0.6007928484822369
0.6007928484822369
0.6007928484822369
0.6007928484822369
0.6007928484822369
0.6007928484822369
0.6007928484822369
0.6007928484822369
0.6007928484822369
0.6007928484822369
0.6007928484822369
0.6007928484822369
0.6007928484822369
0.6007928484822369
0.6007928484822369
0.6007928484822369
0.6007928484822369
0.6007928484822369
0.6007928484822369
0.6007928484822369
0.6007928484822369
0.6007928484822369
0.6007928484822369
0.6007928484822369
0.6007928484822369
0.6007928484822369
0.6007928484822369
0.6007928484822369
0.6007928484822369
0.6007928484822369
0.6007928484822369
0.6007928484822369
0.6007928484822369
