0
-0.07339329788432969
-0.04143116122842638
0
-0.02646643998171827
0.029632394347853697
0.04771039467980609
0.03656401883350524
-0.025269724000086535
0.5721089610065908
0.5982673801158506
-0.03663844183093734
0.5484457586457558
-0.004696883227280013
0.4696218624710855
0
0.539793181881572
0.6141891309832577
0.698460310482009
-0.02217381710142119
0.5659140713861706
0.5120385244189489
0.12967770932108935
-0.02646643998171827
0.01812518197863655
0.6470310168995179
-0.027120864600117978
0.5918134298341438
0.5390536316992652
0.5890163399923811
0.5256948781698365
0.5671620999313379
0.5209363638089736
0.5881484534037257
0.5534037836215393
0.5989016012145778
0.5416297818672642
0.5217939987585046
0.5422477743339085
0.5534084856904764
0.5209363638089736
0.5217939987585046
0.5214094599979509
0.5218867316595419
0.5263155520505154
0.6212964189796433
0.517570881871019
0.5246444825619445
0.5671620999313379
0.5223742969643795
0.5880332771472687
0.5156877984489834
0.4625320428679679
0.5989016012145778
0.5427106049906629
0.5484457586457558
0.5730620085254665
0.6289428860456374
0.5671620999313379
0.5884846513791286
0.5992224455451011
0.5412956336032171
0.5223742969643795
0.5884846513791286
0.5667813206931687
0.5412956336032171
0.5989016012145778
0.5218148922919981
0.5986782728519082
0.5868251830506122
0.5997013957361834
0.588793851501165
0.028115341622313772
0.5844384620979273
0.5872191018167854
0.5771973549268634
0.6000912341198154
0.6273318205233809
0.614330765421121
0.5988889971963756
0.6286744625854515
0.5984906375936472
0.5121439444648694
0.5986142628077881
0.5874310116273858
0.4226344497208312
0.5484457586457558
0.5484457586457558
0.5671620999313379
0.5687400224716981
0.5364898123553008
0.5844384620979273
0.5901130795922316
0.5079365706883796
0.5622138008974993
0.6213554219872156
0.5837507857676425
0.5836511753006498
0.6863959431510791
0.04773101453733819
0.6238807442240861
0.5484457586457558
0.5996423238831432
0.6451706811930391
0.6201546410147358
0.6136999080733376
0.5996423238831432
0.6155428056236883
0.5803315681098635
0.5868197528824954
0.5996423238831432
0.6189523618795422
0.6167808637769798
0.5837307729022476
0.6189017505399892
0.6141002309469181
0.5765297341301066
0.6242535663126217
0.611170766466502
0.6010183588120939
0.6769971675307758
0.5844384620979273
0.5484457586457558
0.5837507857676425
0.611170766466502
0.6655608312993997
0.6153577053041026
0.6034239653787039
0.6007928484822369
0.5765297341301066
0.5124675577574048
0.5484457586457558
0.6163279254535903
0.6166036123026161
0.5765297341301066
0.6206303849247212
0.6142882491954955
0.5765297341301066
0.6155428056236883
0.6206303849247212
0.5765297341301066
0.5765297341301066
0.6136999080733376
0.5765297341301066
0.5880116015862678
0.6155428056236883
0.5765297341301066
0.5995459930122489
0.5992799565703311
0.6169226081699659
0.6136999080733376
0.6341772288267711
0.5980834297941512
0.6136999080733376
0.6207553002825454
0.6143385878006198
0.6166036123026161
0.6114203558580358
0.6155428056236883
0.6208122317875212
0.6315258933625967
0.6206303849247212
0.5765297341301066
0.6158352356415495
0.6505713601972507
0.686507930468625
0.6206303849247212
0.6155428056236883
0.6207952198107215
0.6208976156065997
0.6196602003731404
0.6175570146331268
0.675978906981679
0.5765297341301066
0.6455602461670698
0.6217094364980364
0.6935217642161946
0.6211516633114733
0.5765297341301066
0.6007928484822369
0.6252204916993624
0.6168327870815826
0.6155428056236883
0.6226862509595461
0.6242631012485453
0.5422477743339085
0.6374244422256636
0.6155428056236883
0.6132468256493646
0.6605965664625923
0.6680668420475211
0.6166036123026161
0.5276595814128784
0.6000411396182626
0.6226862509595461
0.6000105801340746
0.6206303849247212
0.6070917443711737
0.6320770469638423
0.6330602400744292
0.6230214933986105
0.6338531068642168
0.6143994184164474
0.6136999080733376
0.6191139206040528
0.6191139206040528
0.5406522713679369
0.6226862509595461
0.5996423238831432
0.6166036123026161
0.6261240640153487
0.6371128628704844
0.6238087339661167
0.6266855943373519
0.6360269153800253
0.6207553002825454
0.6370682537959074
0.6341767135041625
0.6177626514770411
0.6003621232093129
0.6707314323866302
0.5917702114077046
0.6161807812571427
0.6362402099689466
0.6226862509595461
0.6206303849247212
0.6589968468223939
0.6242837297271674
0.6213554219872156
0.6175734772025371
0.6350816168992196
0.655678923589617
0.5959184048003553
0.5886026015148227
0.6243118208824179
0.604628475416991
0.5917702114077046
0.6552151535250268
0.6007928484822369
0.604628475416991
0.6029903044233955
0.5855242184791938
0.5948436634572464
0.6007928484822369
0.5947850209701275
0.63106695460223
0.6007928484822369
0.6007928484822369
0.6007928484822369
0.5948436634572464
0.6007928484822369
0.6007928484822369
0.6007928484822369
0.5948436634572464
0.5422477743339085
0.6007928484822369
0.6007928484822369
0.6007928484822369
0.6014240863158623
0.611170766466502
0.6007928484822369
0.5948436634572464
0.6007928484822369
0.6007928484822369
0.6014240863158623
0.6007928484822369
0.6007928484822369
0.6007928484822369
0.6007928484822369
0.5948436634572464
0.6007928484822369
0.6007928484822369
0.6007928484822369
0.6007928484822369
0.6007928484822369
0.6007928484822369
0.6007928484822369
0.6007928484822369
0.6007928484822369
0.6007928484822369
0.6007928484822369
0.6007928484822369
0.6155428056236883
0.6007928484822369
0.6007928484822369
0.6007928484822369
0.6007928484822369
0.6007928484822369
0.5948436634572464
0.6007928484822369
0.6007928484822369
0.6000250432754879
0.5948436634572464
0.6007928484822369
0.6007928484822369
0.6007928484822369
0.6007928484822369
0.6007928484822369
0.6007928484822369
0.6007928484822369
0.6007928484822369
0.6007928484822369
0.6000250432754879
0.6007928484822369
0.6007928484822369
0.6007928484822369
0.6007928484822369
0.6007928484822369
0.6007928484822369
0.6007928484822369
0.6007928484822369
0.6007928484822369
0.6007928484822369
0.6007928484822369
0.6007928484822369
0.6007928484822369
0.6007928484822369
0.6007928484822369
0.6007928484822369
0.6007928484822369
0.6007928484822369
0.6007928484822369
0.6007928484822369
0.6007928484822369
0.6007928484822369
0.6007928484822369
0.6007928484822369
0.6007928484822369
0.6007928484822369
0.6007928484822369
0.6007928484822369
0.6007928484822369
0.5948436634572464
0.6007928484822369
0.6007928484822369
0.6007928484822369
0.6007928484822369
0.6007928484822369
0.6007928484822369
0.6007928484822369
0.6007928484822369
0.6007928484822369
0.6007928484822369
0.6155428056236883
0.6007928484822369
0.6007928484822369
0.6007928484822369
0.6007928484822369
0.6007928484822369
0.5948436634572464
0.6007928484822369
0.6007928484822369
0.6007928484822369
0.6007928484822369
0.6007928484822369
0.6007928484822369
0.6007928484822369
0.6007928484822369
0.5948436634572464
0.6007928484822369
0.6007928484822369
0.6007928484822369
0.6007928484822369
0.5844384620979273
0.6007928484822369
0.6007928484822369
0.6007928484822369
0.6007928484822369
0.6007928484822369
0.6007928484822369
0.6007928484822369
0.6007928484822369
0.6007928484822369
0.6007928484822369
0.5948436634572464
0.6007928484822369
0.6007928484822369
0.5948436634572464
0.6007928484822369
0.6007928484822369
0.6007928484822369
0.5948436634572464
0.6007928484822369
0.6007928484822369
0.6007928484822369
0.6007928484822369
0.6007928484822369
0.6007928484822369
0.6007928484822369
0.6007928484822369
0.6007928484822369
0.6007928484822369
0.6007928484822369
0.6007928484822369
0.6007928484822369
0.6000250432754879
0.6007928484822369
0.6007928484822369
0.6007928484822369
0.6007928484822369
0.6007928484822369
0.6000250432754879
0.6007928484822369
0.6007928484822369
0.6007928484822369
0.6007928484822369
0.6007928484822369
0.6007928484822369
0.5948436634572464
0.6007928484822369
0.6007928484822369
0.65540574789737
0.6007928484822369
0.6007928484822369
0.6007928484822369
0.6003621232093129
0.6007928484822369
0.6007928484822369
0.6007928484822369
0.6007928484822369
0.6007928484822369
0.6007928484822369
0.6007928484822369
0.6007928484822369
0.6007928484822369
0.6007928484822369
0.6007928484822369
0.6007928484822369
0.6007928484822369
0.6007928484822369
0.6007928484822369
0.6007928484822369
0.6007928484822369
0.6007928484822369
0.6007928484822369
0.6007928484822369
0.6007928484822369
0.6007928484822369
0.6007928484822369
0.6007928484822369
0.6007928484822369
0.6007928484822369
0.6007928484822369
0.6007928484822369
0.6007928484822369
0.6007928484822369
0.6007928484822369
0.6000250432754879
0.6007928484822369
0.6007928484822369
0.6007928484822369
0.6007928484822369
0.6007928484822369
0.6007928484822369
0.6007928484822369
0.6007928484822369
0.6007928484822369
0.6007928484822369
0.6007928484822369
0.6007928484822369
0.6007928484822369
0.6007928484822369
0.6007928484822369
0.6007928484822369
0.6007928484822369
0.6007928484822369
0.6007928484822369
0.6007928484822369
0.6007928484822369
0.6007928484822369
0.6007928484822369
0.6007928484822369
0.6007928484822369
0.6007928484822369
0.6007928484822369
0.6007928484822369
0.6007928484822369
0.6007928484822369
0.6007928484822369
0.6007928484822369
0.6007928484822369
0.6007928484822369
0.6007928484822369
0.6007928484822369
0.6007928484822369
0.6007928484822369
0.6007928484822369
0.6007928484822369
0.6007928484822369
0.6007928484822369
0.6007928484822369
0.6007928484822369
0.6007928484822369
0.6007928484822369
0.6007928484822369
0.6007928484822369
0.6007928484822369
0.6007928484822369
0.6007928484822369
0.6007928484822369
