0.047718367945877804
0.09940813486540578
0
0.5633433381016735
0.6191701667529692
0.6649428673870003
0.7225247895820464
0.6421240965732694
0.7030846908172675
0.5945240557877223
0.6124809579255361
0.657750879400911
0.7174413247416689
0
0.7182077248755744
0.7321004413435479
0.363913127300698
0.7220980638842205
0.706208272754951
0.5840786326361274
0.5848202713236113
0.5748076900667339
0.5697552264291077
0.013459062503193064
0.5575709820528231
0.5580885443531183
0.565235659488136
0.5649972131301486
0.5862027797658049
0.5526373219374812
0.556321230843263
0.5748197207025635
0.5585681183298181
0.556321230843263
0.5585681183298181
0.5585681183298181
0.5407543784646729
0.5534211025694817
0.5595745316293639
0.5527179301638051
0.5585681183298181
0.5595745316293639
0.5585681183298181
0.5679759241605816
0.5585681183298181
0.5585681183298181
0.5748459078474439
0.5595745316293639
0.5595380141367996
0.5595745316293639
0.5585681183298181
0.5585681183298181
0.565235659488136
0.5552729968637532
0.5585681183298181
0.556321230843263
0.5564713780615975
0.5552729968637532
0.5552729968637532
0.565235659488136
0.5552729968637532
0.565235659488136
0.5570235243306465
0.5748459078474439
0.5748459078474439
0.565235659488136
0.5542902160138276
0.5562276653576117
0.5585681183298181
0.5595745316293639
0.565235659488136
0.5578630786147667
0.5748197207025635
0.5748459078474439
0.559131650342739
0.5595745316293639
0.5748459078474439
0.5748459078474439
0.5593352237862361
0.565235659488136
0.5748459078474439
0.6172267513197547
0.5748459078474439
0.5648056173135517
0.5748459078474439
0.5595745316293639
0.5748459078474439
0.5748459078474439
0.5748459078474439
0.5748459078474439
0.5585681183298181
0.5780420550558685
0.5648056173135517
0.5649972131301486
0.5748459078474439
0.5648056173135517
0.5648056173135517
0.5748459078474439
0.5748459078474439
0.5648056173135517
0.5748459078474439
0.5748459078474439
0.5748459078474439
0.5648056173135517
0.5649972131301486
0.5562276653576117
0.5748459078474439
0.5648056173135517
0.5648056173135517
0.5648056173135517
0.5633617760457188
0.5648056173135517
0.5566230094917379
0.5648056173135517
0.5648056173135517
0.5748459078474439
0.5648056173135517
0.5748459078474439
0.5648056173135517
0.5495061906144887
0.5649972131301486
0.5648056173135517
0.5748459078474439
0.5648056173135517
0.5748459078474439
0.5748459078474439
0.5748459078474439
0.5748459078474439
0.5495061906144887
0.5748459078474439
0.5648056173135517
0.5648056173135517
0.5748459078474439
0.5748459078474439
0.5648056173135517
0.5648056173135517
0.5565422948958993
0.5648056173135517
0.5748459078474439
0.5748459078474439
0.5748459078474439
0.5595745316293639
0.5748459078474439
0.5748459078474439
0.5748459078474439
0.5748459078474439
0.5648056173135517
0.5748459078474439
0.5648056173135517
0.5748459078474439
0.5648056173135517
0.5748459078474439
0.5748459078474439
0.5748459078474439
0.5748459078474439
0.5748459078474439
0.5749168800529035
0.5748459078474439
0.5748459078474439
0.5648056173135517
0.5748459078474439
0.5748459078474439
0.5748459078474439
0.5748459078474439
0.5748459078474439
0.5748459078474439
0.5748459078474439
0.5748459078474439
0.5593352237862361
0.5748459078474439
0.5748459078474439
0.5748459078474439
0.5748459078474439
0.5648056173135517
0.5748459078474439
0.5595745316293639
0.5748459078474439
0.5748459078474439
0.5748459078474439
0.5748459078474439
0.5748459078474439
0.5748459078474439
0.5748459078474439
0.5748459078474439
0.5748459078474439
0.5748459078474439
0.5748459078474439
0.5648056173135517
0.5748459078474439
0.5495061906144887
0.5748459078474439
0.5748459078474439
0.5748459078474439
0.5748459078474439
0.5648056173135517
0.5748459078474439
0.5748459078474439
0.5748459078474439
0.5748459078474439
0.5748459078474439
0.5748459078474439
0.5748459078474439
0.5748459078474439
0.5748459078474439
0.5748459078474439
0.5748459078474439
0.5748459078474439
0.5748459078474439
0.5748459078474439
0.5748459078474439
0.5748459078474439
0.5748459078474439
0.5748459078474439
0.5748459078474439
0.5748459078474439
0.5748459078474439
0.5749168800529035
0.5749168800529035
0.5756029685522441
0.5748459078474439
0.5748459078474439
0.5748459078474439
0.5748459078474439
0.5749168800529035
0.5748459078474439
0.5756029685522441
0.5748459078474439
0.5748459078474439
0.5748459078474439
0.5748459078474439
0.5748459078474439
0.5748459078474439
0.5748459078474439
0.5749168800529035
0.5748459078474439
0.5749168800529035
0.5748459078474439
0.5748459078474439
0.5748459078474439
0.5748459078474439
0.5749168800529035
0.5748459078474439
0.5748459078474439
0.5748459078474439
0.5748459078474439
0.5748459078474439
0.5748459078474439
0.5748459078474439
0.5748459078474439
0.5748459078474439
0.5748459078474439
0.5748459078474439
0.5748459078474439
0.5748459078474439
0.5748459078474439
0.5748459078474439
0.5748459078474439
0.5748459078474439
0.5748459078474439
0.5748459078474439
0.559131650342739
0.5748459078474439
0.5748459078474439
0.5595745316293639
0.5748459078474439
0.5748459078474439
0.5748459078474439
0.5748459078474439
0.5748459078474439
0.5748459078474439
0.5748459078474439
0.5748459078474439
0.5748459078474439
0.5748459078474439
0.5748459078474439
0.5748459078474439
0.5748459078474439
0.5595745316293639
0.5748459078474439
0.5749168800529035
0.5748459078474439
0.5748459078474439
0.5748459078474439
0.5748459078474439
0.5748459078474439
0.5748459078474439
0.5748459078474439
0.5748459078474439
0.5748459078474439
0.5748459078474439
0.5748459078474439
0.5748459078474439
0.5748459078474439
0.5748459078474439
0.5748459078474439
0.5748459078474439
0.5748459078474439
0.5748459078474439
0.5748459078474439
0.5748459078474439
0.5748459078474439
0.5748459078474439
0.5748459078474439
0.5748459078474439
0.5748459078474439
0.5748459078474439
0.5748459078474439
0.5748459078474439
0.5748459078474439
0.5748459078474439
0.5748459078474439
0.5748459078474439
0.5748459078474439
0.5748459078474439
0.5748459078474439
0.5748459078474439
0.5749168800529035
0.5748459078474439
0.5749168800529035
0.5748459078474439
0.5748459078474439
0.5748459078474439
0.5748459078474439
0.5748459078474439
0.5748459078474439
0.5748905214599755
0.5748459078474439
0.5748459078474439
0.5748459078474439
0.5748459078474439
0.5749168800529035
0.5748459078474439
0.5748459078474439
0.5748459078474439
0.5748459078474439
0.5748459078474439
0.5748459078474439
0.5748459078474439
0.5748459078474439
0.5748459078474439
0.5748459078474439
0.5748459078474439
0.5748459078474439
0.5748459078474439
0.5748459078474439
0.5748459078474439
0.5748459078474439
0.5748459078474439
0.5748459078474439
0.5748459078474439
0.5748459078474439
0.5748459078474439
0.5748459078474439
0.5748459078474439
0.5527179301638051
0.5748459078474439
0.5748459078474439
0.5527179301638051
0.5748459078474439
0.5748459078474439
0.5527179301638051
0.5527179301638051
0.5648056173135517
0.5748459078474439
0.5495061906144887
0.5748459078474439
0.5748459078474439
0.5748459078474439
0.5748459078474439
0.5748459078474439
0.5648056173135517
0.5748459078474439
0.5527179301638051
0.5748459078474439
0.5748459078474439
0.5748459078474439
0.5748459078474439
0.5748459078474439
0.5748459078474439
0.5748459078474439
0.5748459078474439
0.5748459078474439
0.5748459078474439
0.5748459078474439
0.5748459078474439
0.5748459078474439
0.5748459078474439
0.5748459078474439
0.5748459078474439
0.5748459078474439
0.5748459078474439
0.5748459078474439
0.5748459078474439
0.5748459078474439
0.5648056173135517
0.5748459078474439
0.5748459078474439
0.5748459078474439
0.5748459078474439
0.5748459078474439
0.5748459078474439
0.5748459078474439
0.5748459078474439
0.5748459078474439
0.565235659488136
0.5748459078474439
0.5748459078474439
0.5748459078474439
0.5748459078474439
0.5748459078474439
0.5748459078474439
0.5748459078474439
0.5748459078474439
0.5748459078474439
0.5748459078474439
0.5748459078474439
0.5748459078474439
0.5748459078474439
0.5749168800529035
0.5749168800529035
0.5749168800529035
0.5748459078474439
0.5749168800529035
0.5748459078474439
0.5748459078474439
0.5749168800529035
0.5749168800529035
0.5748459078474439
0.5756029685522441
0.5757332287550788
0.5749168800529035
0.5748459078474439
0.5757332287550788
0.5756029685522441
0.5748459078474439
0.5749168800529035
0.5756029685522441
0.5757332287550788
0.5757332287550788
0.5757332287550788
0.5757332287550788
0.5757332287550788
0.5757332287550788
0.5757332287550788
0.5757332287550788
0.5756029685522441
0.5757332287550788
0.5748459078474439
0.5757332287550788
0.5757332287550788
0.5757332287550788
0.5749168800529035
0.5757332287550788
0.5757332287550788
0.5757332287550788
0.5749748815812329
0.5757332287550788
0.5748459078474439
0.5749168800529035
0.5756029685522441
0.5749168800529035
0.5757332287550788
0.5756029685522441
0.5757332287550788
0.5757332287550788
0.5756029685522441
0.5755766980297223
0.5757332287550788
0.5757332287550788
0.5757332287550788
0.5757332287550788
0.5748459078474439
0.5749168800529035
0.5757332287550788
0.5757332287550788
0.5756029685522441
0.5757332287550788
0.5756029685522441
0.5749168800529035
0.5756029685522441
0.5756029685522441
0.5757332287550788
0.5757332287550788
0.5756029685522441
0.5757332287550788
0.5757332287550788
0.5757332287550788
0.5757332287550788
0.5757332287550788
0.5748459078474439
0.5749168800529035
0.5748459078474439
0.5756029685522441
0.5749168800529035
0.5748459078474439
0.5755691666139657
0.5756029685522441
0.5748459078474439
0.5749168800529035
0.5756029685522441
0.5757332287550788
0.5748459078474439
0.5657307070894043
0.5658711935718628
0.5748459078474439
0.5748459078474439
0.5748459078474439
0.5748459078474439
0.5748459078474439
0.5748459078474439
0.5748905214599755
0.5748459078474439
0.5748459078474439
0.5748459078474439
0.5748459078474439
0.5748459078474439
0.5748459078474439
0.5748459078474439
0.5748459078474439
0.5748459078474439
0.5748459078474439
0.5748459078474439
0.5748459078474439
0.5748459078474439
0.5748459078474439
0.5748459078474439
0.5748459078474439
0.5748459078474439
0.5748459078474439
0.5748459078474439
0.5748459078474439
0.5748459078474439
0.5748459078474439
0.5748459078474439
0.5748459078474439
0.5748459078474439
0.5748459078474439
0.5748459078474439
0.5749168800529035
0.5748459078474439
0.5748459078474439
0.5748459078474439
0.5748459078474439
0.5748459078474439
0.5748459078474439
0.5748459078474439
0.5748459078474439
0.5748459078474439
0.5748459078474439
0.5756029685522441
0.5749168800529035
0.5748459078474439
0.5748459078474439
0.5748459078474439
0.5756029685522441
0.5748459078474439
0.5748459078474439
0.5749168800529035
0.5748459078474439
0.5748459078474439
0.5749168800529035
0.5748459078474439
0.5749168800529035
0.5748459078474439
0.5748459078474439
0.5749168800529035
0.5748459078474439
0.5748459078474439
0.5749168800529035
0.5757070272082974
0.5756029685522441
0.5748459078474439
0.5748459078474439
0.5757332287550788
0.5748459078474439
0.5757332287550788
0.5757332287550788
0.5757070272082974
0.5757332287550788
0.5757332287550788
0.5749168800529035
0.5757332287550788
0.5756029685522441
0.5757332287550788
0.5757332287550788
0.5757332287550788
0.5756029685522441
0.5757332287550788
0.5757332287550788
0.5748459078474439
0.5748459078474439
0.5748459078474439
0.5748459078474439
0.5748459078474439
0.5749168800529035
0.5748459078474439
0.5748459078474439
0.5748459078474439
0.5748459078474439
0.5748459078474439
0.5748459078474439
0.5749168800529035
0.5748459078474439
0.5748459078474439
0.5748459078474439
0.5748459078474439
0.5748459078474439
0.5748459078474439
0.5749168800529035
0.5748459078474439
0.5748459078474439
0.5749168800529035
0.5748459078474439
0.5756029685522441
0.5748459078474439
0.5748459078474439
0.5748459078474439
0.5748459078474439
0.5748459078474439
0.5749168800529035
0.5749168800529035
0.5748459078474439
0.5749168800529035
0.5748459078474439
0.5757332287550788
0.5748459078474439
0.5748459078474439
0.5757332287550788
0.5757332287550788
0.5757332287550788
0.5757332287550788
0.5757332287550788
0.5749168800529035
0.5756029685522441
0.5749168800529035
0.5749168800529035
0.5749168800529035
0.5749168800529035
0.5749168800529035
0.5757332287550788
0.5757332287550788
0.5748459078474439
0.5757332287550788
0.5757332287550788
0.5757332287550788
0.5757332287550788
0.5756029685522441
0.5757070272082974
0.5748459078474439
0.5757332287550788
0.5595745316293639
0.5757332287550788
0.5756029685522441
0.5748459078474439
0.5749168800529035
0.5748459078474439
0.5748459078474439
0.5748459078474439
0.5748459078474439
0.5748459078474439
0.5748459078474439
0.5748459078474439
0.5748459078474439
0.5748459078474439
0.5748459078474439
0.5748459078474439
0.5748459078474439
0.5748459078474439
0.5748459078474439
0.5748459078474439
0.5748459078474439
0.5748459078474439
0.5748459078474439
0.5748459078474439
0.5748459078474439
0.5748459078474439
0.5748459078474439
0.5748459078474439
0.5748459078474439
0.5748459078474439
0.5748459078474439
0.5749168800529035
0.5748459078474439
0.5748459078474439
0.5748459078474439
0.5748459078474439
0.5748459078474439
0.5748459078474439
0.5748459078474439
0.5748459078474439
0.5748459078474439
0.5749168800529035
0.5748459078474439
0.5748459078474439
0.5748459078474439
0.5748459078474439
0.5748459078474439
0.5748459078474439
0.5748459078474439
0.5748459078474439
0.5749168800529035
0.5748459078474439
0.5748459078474439
0.5748459078474439
0.5748459078474439
0.5748459078474439
0.5748459078474439
0.5748459078474439
0.5748459078474439
0.5748459078474439
0.5748459078474439
0.5748459078474439
0.5748459078474439
0.5748459078474439
0.5748459078474439
0.5748459078474439
0.5748459078474439
0.5748459078474439
0.5748459078474439
0.5748459078474439
0.5748459078474439
0.5748459078474439
0.5748459078474439
0.5748459078474439
0.5748459078474439
0.5748459078474439
0.5748459078474439
0.5748459078474439
0.5748459078474439
0.5748459078474439
0.5748459078474439
0.5748459078474439
0.5748459078474439
0.5748459078474439
0.5748459078474439
0.5748459078474439
0.5749168800529035
0.5748459078474439
0.5748459078474439
0.5748459078474439
0.5748459078474439
0.5748459078474439
0.5748459078474439
0.5748459078474439
0.5748459078474439
0.5748459078474439
0.5748459078474439
0.5748459078474439
0.5748459078474439
0.5748459078474439
0.5748459078474439
0.5748459078474439
0.5748459078474439
0.5748459078474439
0.5748459078474439
0.5748459078474439
0.5748459078474439
0.5748459078474439
0.5748459078474439
0.5748459078474439
0.5749168800529035
0.5748459078474439
0.5749168800529035
0.5748459078474439
0.5748459078474439
0.5748459078474439
0.5748459078474439
0.5748459078474439
0.5748459078474439
0.5748459078474439
0.5748459078474439
0.5748459078474439
0.5749168800529035
0.5748459078474439
0.5748459078474439
0.5748459078474439
0.5748459078474439
0.5748459078474439
0.5749168800529035
0.5748459078474439
0.5748459078474439
0.5748459078474439
0.5748459078474439
0.5748459078474439
0.5748459078474439
0.5748459078474439
0.5748459078474439
0.5748459078474439
0.5749168800529035
0.5748459078474439
0.5748459078474439
0.5748459078474439
0.5748459078474439
0.5748459078474439
0.5748459078474439
0.5748459078474439
0.5748459078474439
0.5748459078474439
0.5748459078474439
0.5749168800529035
0.5748459078474439
0.5748459078474439
0.5748459078474439
0.5756029685522441
0.5748459078474439
0.5749168800529035
0.5748459078474439
0.5756029685522441
0.5756029685522441
0.5748459078474439
0.5757332287550788
0.5757332287550788
0.5757332287550788
0.5757332287550788
0.5757332287550788
0.5757332287550788
0.5757332287550788
0.5757332287550788
0.5757332287550788
0.5757332287550788
0.5757332287550788
0.5756029685522441
0.5757332287550788
0.5757332287550788
0.5757332287550788
0.5757332287550788
0.5757332287550788
0.5757332287550788
0.5757332287550788
0.5749168800529035
0.5757332287550788
0.5756029685522441
0.5757332287550788
0.5757332287550788
0.5756029685522441
0.5757332287550788
0.5748459078474439
0.5748459078474439
0.5756029685522441
0.5748459078474439
0.5757332287550788
0.5757332287550788
0.5757332287550788
0.5756029685522441
0.5757332287550788
0.5757332287550788
0.5748459078474439
0.5749168800529035
0.5757332287550788
0.5757332287550788
0.5749168800529035
0.5757332287550788
0.5757332287550788
0.5756029685522441
0.5757332287550788
0.5757332287550788
0.5757332287550788
0.5757332287550788
0.5757332287550788
0.5757332287550788
0.5757332287550788
0.5748459078474439
0.5748459078474439
0.5748459078474439
0.5748459078474439
0.5748459078474439
0.5748459078474439
0.5748459078474439
0.5748459078474439
0.5748459078474439
0.5748459078474439
0.5748459078474439
0.5748459078474439
0.5748459078474439
0.5748459078474439
0.5748459078474439
0.5748459078474439
0.5748459078474439
0.5748459078474439
0.5748459078474439
0.5748459078474439
0.5748459078474439
0.5748459078474439
0.5748459078474439
0.5748459078474439
0.5748459078474439
0.5748459078474439
0.5748459078474439
0.5748459078474439
0.5748459078474439
0.5748459078474439
0.5748459078474439
0.5748459078474439
0.5748459078474439
0.5748459078474439
0.5748459078474439
0.5748459078474439
0.5748459078474439
0.5748459078474439
0.5748459078474439
0.5748459078474439
0.5748459078474439
0.5748459078474439
0.5748459078474439
0.5748459078474439
0.5748459078474439
0.5748459078474439
0.5748459078474439
0.5748459078474439
0.5748459078474439
0.5748459078474439
0.5748459078474439
0.5748459078474439
0.5748459078474439
0.5748459078474439
0.5748459078474439
0.5748459078474439
0.5748459078474439
0.5748459078474439
0.5748459078474439
0.5748459078474439
0.5748459078474439
0.5748459078474439
0.5748459078474439
0.5748459078474439
0.5748459078474439
0.5748459078474439
0.5748459078474439
0.5748459078474439
0.5748459078474439
0.5748459078474439
0.5748459078474439
0.5749168800529035
0.5748459078474439
0.5748459078474439
0.5748459078474439
0.5748459078474439
0.5748459078474439
0.5748459078474439
0.5748459078474439
0.5748459078474439
0.5748459078474439
0.5748459078474439
0.5748459078474439
0.5748459078474439
0.5748459078474439
0.5748459078474439
0.5748459078474439
0.5748459078474439
0.5748459078474439
0.5748459078474439
0.5748459078474439
0.5748459078474439
0.5748459078474439
0.5748459078474439
0.5748459078474439
0.5748459078474439
0.5748459078474439
0.5748459078474439
0.5748459078474439
0.5748459078474439
0.5748459078474439
0.5748459078474439
0.5749168800529035
0.5748459078474439
0.5748459078474439
0.5748459078474439
0.5748459078474439
0.5748459078474439
0.5748459078474439
0.5748459078474439
0.5748459078474439
0.5748459078474439
0.5748459078474439
0.5748459078474439
0.5748459078474439
0.5748459078474439
0.5748459078474439
0.5748459078474439
0.5748459078474439
0.5748459078474439
0.5748459078474439
0.5756029685522441
0.5748459078474439
0.5748459078474439
0.5749168800529035
0.5757332287550788
0.5757332287550788
0.5757332287550788
0.5757332287550788
0.5757332287550788
0.5756673056715528
0.5757332287550788
0.5756029685522441
0.5757332287550788
0.5757332287550788
0.5757332287550788
0.5749168800529035
0.5540932802853458
0.5759585213350982
0.5757332287550788
0.5757332287550788
0.5757332287550788
0.5756029685522441
0.5748459078474439
0.5748459078474439
0.5748459078474439
0.5748459078474439
0.5748459078474439
0.5748459078474439
0.5748459078474439
0.5748459078474439
0.5748459078474439
0.5748459078474439
0.5748459078474439
0.5748459078474439
0.5748459078474439
0.5749168800529035
0.5748459078474439
0.5748459078474439
0.5748459078474439
0.5748459078474439
0.5748459078474439
0.5748459078474439
0.5748459078474439
0.5748459078474439
0.5748459078474439
0.5748459078474439
0.5748459078474439
0.5749168800529035
0.5748459078474439
0.5748459078474439
0.5748459078474439
0.5757332287550788
0.5756029685522441
0.5757332287550788
0.5748459078474439
0.5749168800529035
0.5748459078474439
0.5748459078474439
0.5749168800529035
0.5748459078474439
0.5748459078474439
0.5749168800529035
0.5748459078474439
0.5756029685522441
0.5757332287550788
0.5748459078474439
0.5757332287550788
0.5757332287550788
0.5756029685522441
0.5757332287550788
0.5757332287550788
0.5757332287550788
0.5749168800529035
0.5756029685522441
0.5748459078474439
0.5748459078474439
0.5757332287550788
0.5757332287550788
0.5757332287550788
0.5757880386575887
0.5748459078474439
0.5757332287550788
0.5757332287550788
0.5756029685522441
0.5757332287550788
0.5757332287550788
0.5757332287550788
0.5748459078474439
0.5757332287550788
0.5757332287550788
0.5757332287550788
0.5749168800529035
0.5748459078474439
0.5757332287550788
0.5759585213350982
0.5748459078474439
0.5749168800529035
0.5749168800529035
0.5759585213350982
0.5748459078474439
0.5759585213350982
0.5750404445906365
0.575149796511161
0.5907033327160727
0.5758582023409551
0.5759507469887798
0.5758582023409551
0.5751416805210398
0.5748459078474439
0.5750404445906365
0.5756029685522441
0.5748459078474439
0.5749168800529035
0.5757332287550788
0.5748459078474439
0.5749168800529035
0.5748459078474439
0.5748459078474439
0.5748459078474439
0.5748459078474439
0.5748459078474439
0.5748459078474439
0.5748459078474439
0.5748459078474439
0.5748459078474439
0.5748459078474439
0.5749168800529035
0.5748459078474439
0.5748459078474439
0.5748459078474439
0.5748459078474439
0.5749168800529035
0.5748459078474439
0.5748459078474439
0.5748459078474439
0.5748459078474439
0.5748459078474439
0.5748459078474439
0.5748459078474439
0.5748459078474439
0.5748459078474439
0.5748459078474439
0.5748459078474439
0.5748459078474439
0.5748459078474439
0.5748459078474439
0.5748459078474439
0.5748459078474439
0.5748459078474439
0.5748459078474439
0.5748459078474439
0.5748459078474439
0.5748459078474439
0.5748459078474439
0.5748459078474439
0.5748459078474439
0.5748459078474439
0.5749168800529035
0.5748459078474439
0.5749168800529035
0.5748459078474439
0.5748459078474439
0.5748459078474439
0.5749168800529035
0.5757332287550788
0.5757332287550788
0.5757332287550788
0.5749168800529035
0.5749168800529035
0.5748459078474439
0.5757332287550788
0.5759585213350982
0.5757332287550788
0.5757332287550788
0.5757332287550788
0.5757332287550788
0.5757332287550788
0.5748459078474439
0.5757332287550788
0.5757332287550788
0.5758331803723542
0.5759585213350982
0.5757332287550788
0.5757332287550788
0.5757332287550788
0.5757332287550788
0.5748459078474439
0.5749168800529035
0.5748459078474439
0.5748459078474439
0.5748459078474439
0.5748459078474439
0.5748459078474439
0.5749168800529035
0.5748459078474439
0.5748459078474439
0.5748459078474439
0.5748459078474439
0.5757332287550788
0.5756029685522441
0.5748459078474439
0.5748459078474439
0.5748459078474439
0.5749168800529035
0.5757332287550788
0.5757332287550788
0.5749168800529035
0.5757332287550788
0.5749168800529035
0.5748459078474439
0.5756029685522441
0.5748459078474439
0.5757332287550788
0.5757332287550788
0.5757332287550788
0.5757332287550788
0.5757332287550788
0.5757332287550788
0.5757332287550788
0.5748459078474439
0.5757880386575887
0.5759585213350982
0.5757332287550788
0.5757332287550788
0.5749168800529035
0.5756029685522441
0.5757332287550788
0.5749168800529035
0.5758331803723542
0.5757332287550788
0.5757332287550788
0.5757332287550788
0.5759585213350982
0.5757332287550788
0.5759585213350982
0.5757332287550788
0.5757332287550788
0.5757332287550788
0.5758331803723542
0.5758331803723542
0.5748459078474439
0.5751416805210398
0.5750404445906365
0.5751416805210398
0.5751416805210398
0.5759585213350982
0.5752174893367252
0.5751629605556197
0.5758272544178958
0.57598433079731
0.5759583460936828
0.5758331803723542
0.57598433079731
0.5759507469887798
0.5748459078474439
0.5758331803723542
0.5750404445906365
0.5749168800529035
0.5748459078474439
0.5749168800529035
0.5748459078474439
0.5759585213350982
0.5751416805210398
0.5749168800529035
0.5757332287550788
0.5748459078474439
0.5759585213350982
0.5534211025694817
0.5534211025694817
0.5757332287550788
0.5757332287550788
0.5748459078474439
0.5757332287550788
0.5758331803723542
0.5749168800529035
0.5757880386575887
0.5757332287550788
0.5757332287550788
0.5759585213350982
0.5757332287550788
0.5757332287550788
0.5757332287550788
0.5748459078474439
0.5749168800529035
0.5749168800529035
0.5748459078474439
0.5749168800529035
0.5749077410978238
0.5748459078474439
0.5748459078474439
0.5748459078474439
0.5748459078474439
0.5748459078474439
0.5748459078474439
0.5748459078474439
0.5534211025694817
0.5748459078474439
0.5748459078474439
0.5748459078474439
0.5748459078474439
0.5748459078474439
0.5748459078474439
0.5748459078474439
0.5648056173135517
0.5748459078474439
0.5748459078474439
0.5748459078474439
0.5748459078474439
0.5748459078474439
0.5748459078474439
0.5748459078474439
0.5748459078474439
0.5748459078474439
0.5748459078474439
0.5748459078474439
0.5748459078474439
0.5748459078474439
0.5748459078474439
0.5748459078474439
0.5748459078474439
0.5748459078474439
0.5749168800529035
0.5748459078474439
0.5748459078474439
0.5748459078474439
0.5748459078474439
0.5748459078474439
0.5748459078474439
0.5748459078474439
0.5748459078474439
0.5748459078474439
0.5748459078474439
0.5748459078474439
0.5748459078474439
0.5748459078474439
0.5748459078474439
0.5748459078474439
0.5748459078474439
0.5748459078474439
0.5748459078474439
0.5748459078474439
0.5749168800529035
0.5748459078474439
0.5748459078474439
0.5748459078474439
0.5748459078474439
0.5748459078474439
0.5748459078474439
0.5748459078474439
0.5748459078474439
0.5748459078474439
0.5748459078474439
0.5748459078474439
0.5748459078474439
0.5748459078474439
0.5748459078474439
0.5748459078474439
0.5748459078474439
0.5749168800529035
0.5748459078474439
0.5748459078474439
0.5748459078474439
0.5748459078474439
0.5748459078474439
0.5748459078474439
0.5748459078474439
0.5748459078474439
0.5748459078474439
0.5748459078474439
0.5748459078474439
0.5748459078474439
0.5748459078474439
0.5748459078474439
0.5748459078474439
0.5748459078474439
0.5748459078474439
0.5748459078474439
0.5748459078474439
0.5748459078474439
0.5748459078474439
0.5749168800529035
0.5748459078474439
0.5748459078474439
0.5748459078474439
0.5748459078474439
0.5748459078474439
0.5748459078474439
0.5748459078474439
0.5748459078474439
0.5748459078474439
0.5748459078474439
0.5748459078474439
0.5748459078474439
0.5748459078474439
0.5748459078474439
0.5748459078474439
0.5748459078474439
0.5748459078474439
0.5748459078474439
0.5748459078474439
0.5748459078474439
0.5748459078474439
0.5748459078474439
0.5748459078474439
0.5748459078474439
0.5748459078474439
0.5748459078474439
0.5748459078474439
0.5748459078474439
0.5748459078474439
0.5748459078474439
0.5748459078474439
0.5748459078474439
0.5748459078474439
0.5748459078474439
0.5748459078474439
0.5748459078474439
0.5748459078474439
0.5748459078474439
0.5748459078474439
0.5748459078474439
0.5748459078474439
0.5748459078474439
0.5748459078474439
0.5748459078474439
0.5748459078474439
0.5748459078474439
0.5748459078474439
0.5748459078474439
0.5748459078474439
0.5748459078474439
0.5749168800529035
0.5748459078474439
0.5748459078474439
0.5748459078474439
0.5748459078474439
0.5748459078474439
0.5748459078474439
0.5748459078474439
0.5748459078474439
0.5748459078474439
0.5748459078474439
0.5748614734408726
0.5749919242545953
0.575831104687242
0.5753409559390181
0.5766452665690138
0.5757632024066585
0.5760128472995616
0.5758093136031555
0.5759442837986779
0.593321643178214
0.5971289092045134
0.5971242317036256
0.597164317667636
0.6259263293862862
0.5900905583298034
0.6372643705363134
0.5748459078474439
0.5749168800529035
0.5996031559554994
0.6307814226812929
0.6723692957891776
0.6853731271830334
0.6928009252244356
0.706968234333696
0.6928311435884643
0.6486688962606745
0.7044597779065448
0.7065629651285137
0.6915755126145791
0.7092478525146677
0.7040869427473482
0.7146403914044812
0.7121705200604431
0.7102331207120212
0.6858669934700148
0.6982746572497648
0.6782835228308759
0.7227451792741006
0.685913559194365
0.7043463579683258
0.7065189529536805
0.6737563292599986
0.5956932680225517
0.7122598841609498
0.7167086081884091
0.7148742227092677
0.7175008035468964
0.716441824229077
0.6779805292983361
0.7327216955305895
0.7118576261464381
0.7098681053860958
0.71481907962111
0.7035466037497786
0.7099809580752034
0.703023462557664
0.7110732140923397
0.7132447011623088
0.6824251138317221
0.6950270133397476
0.7055654849117499
0.7143225172457339
0.6976021103658043
0.7028652272673857
0.6987079842226536
0.7069963052890298
0.70677127117532
0.7010409857232349
0.7044620660392626
0.7020622675945696
0.6999306268940806
0.716391897927166
0.7028745589612244
0.6987069596839793
0.7124995782750619
0.7021137696565598
0.7037147563997888
0.707862417290625
0.698813511108434
0.6989909456421346
0.702722705897578
0.6969896759465084
0.7112484527615319
0.7028968632680068
0.6991934872033927
0.7149412218913462
0.7099368736521963
0.7131529633714184
0.7223475945179958
0.7131365764602604
0.7141748750624648
0.7046523015305839
0.698813511108434
0.7212159652344968
0.7125699235297752
0.7260362583672725
0.72309690708706
0.7237412915968472
0.7268865084377848
0.7229832028775904
0.7190170438637717
0.728180160185265
0.7151955424418
0.7318228561368747
0.7233469253259577
0.7310796504931043
0.7308786971279335
0.7264270835897252
0.7292444037394694
0.7244453562993249
0.736090138917192
0.7329367548069295
0.7367864366739518
0.7327489000744976
0.7299973194441786
0.7313711418731574
0.7310140586450757
0.7047250526093418
0.7308525689760456
0.7288405820326466
0.7288496717547138
0.7339863280431715
0.5949596533883543
0.7324539272788781
0.7354414287325809
0.7330161662332353
0.7166462583464621
0.7303841531076789
0.7303841531076789
0.7324542083921816
0.7366903074724651
0.7362440791986574
0.7363722686397691
0.7344036162650562
0.7332146454756518
0.7328307824990529
0.7365387567949991
0.7382065232157851
0.7354861086962085
0.7365387567949991
0.7356541049534792
0.72538263624254
0.7240835752345403
0.7368349188060246
0.7365479854795678
0.7354129381532495
0.7253847156947948
0.73355195944742
0.7383310520008182
0.7383275354199454
0.7368524709104298
0.7352888501233896
0.7342323113632252
0.7335971982681302
0.7340906094257564
0.7324007094352618
0.7350696728793831
0.7328365142756568
0.7366045340219181
0.7351457264661649
0.7309311553291635
0.7299340945557234
0.7360361990816108
0.7363115131995545
0.7297391544390635
0.736798704531897
0.7272879866861117
0.73696082087575
0.7282926170713799
0.7313028243101883
0.7377293969871896
0.7381125182657331
0.73696082087575
0.7383191706880126
0.7368872980668781
0.7373128301980412
0.7376059018004449
0.7304690853544245
0.73696082087575
0.7380869321330463
0.7368926468206325
0.7342323113632252
0.7166462583464621
0.7367767775003959
0.7268622043897598
0.7344101583175325
0.7365098937763817
0.7343904965054238
0.7379652953622688
0.7379965470914405
0.7375691660342238
0.7344036162650562
0.732423691671314
0.7363722686397691
0.7303841531076789
0.7303841531076789
0.715787014874844
0.7303841531076789
0.7303841531076789
0.6986966644419774
0.7303841531076789
0.7303841531076789
0.730969348594162
0.7342323113632252
0.7306017891924105
0.7324542083921816
0.7272769048002661
0.7213894974392557
0.7253847156947948
0.7299645360469469
0.734085438626315
0.73696082087575
0.7057184887696059
0.736786666252544
0.7344070638842406
0.7341037998079267
0.7303841531076789
0.7303841531076789
0.730969348594162
0.7324488974288642
0.7303841531076789
0.7303841531076789
0.7324488974288642
0.7303841531076789
0.7362053533696371
0.7324542083921816
0.7303876158824976
0.7303841531076789
0.730668260767499
0.7303841531076789
0.7364577209110867
0.7303841531076789
0.730321364748164
0.7303841531076789
0.7303841531076789
0.7057184887696059
0.7324542083921816
0.7324542083921816
0.7352666876023191
0.7351544269372792
0.737687246892911
0.7324215575223572
0.7303876158824976
0.7378757646912947
0.7345921788015601
0.7351545582150141
0.7321256329251242
0.7300865644023075
0.7363353108878814
0.7261312157044456
0.7324542083921816
0.7303841531076789
0.7311760713317516
0.7376625666858879
0.7363079620495026
0.737239706574897
0.7384386038280105
0.7372905671754779
0.7373385451225624
0.7351544269372792
0.7364577209110867
0.7361631142949172
0.7349849856210757
0.7337233653818447
0.7382017594347625
0.7361600126456109
0.7361675024979811
0.733662541948392
0.7308134871741776
0.7382247354579701
0.7356975773595583
0.7014258702630646
0.7342710269490658
0.735144055863529
0.7351544269372792
0.7351544269372792
0.7252375628146641
0.7313553520824585
0.737700686663021
0.7351544269372792
0.7299750329774344
0.731738156147064
0.7384366055926901
0.7373965161553901
0.7302578772593538
0.7331484100877133
0.7371401132666955
0.7375987588191428
0.7359800425462522
0.7374372391475706
0.7373385451225624
0.7373795506861992
0.7375987588191428
0.7367707719229322
0.7337550759836472
0.7353187213380405
0.7368439372634694
0.7201852362099972
0.7369979699418417
0.7351544269372792
0.7370580068593116
0.7369979699418417
0.7373385451225624
0.737700686663021
0.7331484100877133
0.7170911083848768
0.7303841531076789
0.7351544269372792
0.7283541047756097
0.734447654753094
0.7324542083921816
0.7300865644023075
0.7278551207316282
0.7303841531076789
0.7347936841386185
0.7351544269372792
0.7303841531076789
0.7386677293996851
0.7283541047756097
0.7363079620495026
0.7337550759836472
0.737712327218405
0.7162109151688054
0.7303841531076789
0.7303841531076789
0.7303841531076789
0.7303841531076789
0.7351544269372792
0.7303841531076789
0.7303841531076789
0.7349849856210757
0.7303841531076789
0.7303841531076789
0.7303841531076789
0.7303841531076789
0.7335074090503744
0.7335074090503744
0.7335074090503744
0.7283541047756097
0.7363079620495026
0.7351315109197696
0.7229946108541354
0.7321250649522835
0.7303841531076789
0.7351544269372792
0.7335074090503744
0.7373385451225624
0.7363079620495026
0.7303841531076789
0.7344961208894278
0.7329780611552977
0.7303841531076789
0.7349847013604541
0.7303841531076789
0.7364577209110867
0.727004307673911
0.7321250649522835
0.7275304267528198
0.7349847013604541
0.7351544269372792
0.7363079620495026
0.7351544269372792
0.7354339157514151
0.7210690716530814
0.7349849856210757
0.7303841531076789
0.7363079620495026
0.7351544269372792
0.7351544269372792
0.7351544269372792
0.7303841531076789
0.7252375628146641
0.7364577209110867
0.738610717335741
0.7344961208894278
0.7373385451225624
0.738610717335741
0.7334261455227649
0.7351971652916249
0.7329780611552977
0.7355377810435739
0.7364682132595469
0.7369979699418417
0.7373385451225624
0.737510235420544
0.7376362863809631
0.7382017594347625
0.7335074090503744
0.7303841531076789
0.7303841531076789
0.7303841531076789
0.7351544269372792
0.7351544269372792
0.7349849856210757
0.7303841531076789
0.7375987588191428
0.7364702864690812
0.7283352784875002
0.7361239857653973
0.7264681367925394
0.7356932607876369
0.7342221442001835
0.7341712574130352
0.7370611263468214
0.7266671169327003
0.7373385451225624
0.7337550759836472
0.7337233653818447
0.7361239857653973
0.7373385451225624
0.7344961208894278
0.7335074090503744
0.7373385451225624
0.734447654753094
0.7363079620495026
0.734447654753094
0.7291066084567182
0.73605332918199
0.7351544269372792
0.7351544269372792
0.732324975187491
0.7351544269372792
0.73605332918199
0.7349849856210757
0.7335074090503744
0.7344204046024093
0.7363079620495026
0.7349847013604541
0.7296663760966395
0.7331484100877133
0.7351544269372792
0.7351544269372792
0.734447654753094
0.7283541047756097
0.7363079620495026
0.727004307673911
0.7355377810435739
0.7349849856210757
0.7283541047756097
0.7316780468926243
0.7303841531076789
0.7293327742249885
0.7303841531076789
0.7349849856210757
0.6986966644419774
0.7303841531076789
0.7344961208894278
0.7335074090503744
0.7351544269372792
0.7351544269372792
0.7300865644023075
0.7120583902484381
0.730321364748164
0.5875435194213805
0.7303841531076789
0.7303841531076789
0.7364577209110867
0.7351544269372792
0.7349849856210757
0.7229946108541354
0.7299782989945607
0.7335074090503744
0.7252375628146641
0.7252375628146641
0.7201852362099972
0.7303841531076789
0.7303841531076789
0.7299782989945607
0.727004307673911
0.7248410146327247
0.7349849856210757
0.730321364748164
0.7350103967278347
0.730321364748164
0.7303841531076789
0.7351544269372792
0.7351544269372792
0.7351544269372792
0.734447654753094
0.7351544269372792
0.7351544269372792
0.7335074090503744
0.7351544269372792
0.7366231571070334
0.7370611263468214
0.7330538492892721
0.7349961664711548
0.7351544269372792
0.737700686663021
0.7351544269372792
0.7351544269372792
0.7335074090503744
0.7373385451225624
0.7349849856210757
0.7335074090503744
0.7362200210647067
0.7349961664711548
0.7351544269372792
0.7344204046024093
0.7367707719229322
0.7363842906096422
0.7321747066769542
0.7296663760966395
0.7359215237792789
0.7321747066769542
0.7367531809140153
0.7324144694039106
0.7351544269372792
0.732160265586123
0.7373385451225624
0.7321747066769542
0.7259448165710265
0.7341712574130352
0.7370929305631624
0.7356006188492519
0.7290896422565589
0.7372677064698607
0.7375403672508487
0.737700686663021
0.7372677064698607
0.7365471421918599
0.7365471421918599
0.7365471421918599
0.7373385451225624
0.7372677064698607
0.7374315496008613
0.7373385451225624
0.7372677064698607
0.7374116964881694
0.732369499160942
0.7356006188492519
0.7364511414376378
0.730003525947698
0.7365471421918599
0.7365471421918599
0.730003525947698
0.7321250649522835
0.7302578772593538
0.7302578772593538
0.7356006188492519
0.7302578772593538
0.7365471421918599
0.7365471421918599
0.7356006188492519
0.7256235049713697
0.732369499160942
0.7340285969989438
0.7352815053965267
0.7352726924682429
0.7366125959211387
0.7246956692626962
0.7245715704983487
0.7342202275802372
0.7386102208543671
0.7327581734199444
0.7369174870745607
0.7257891092459279
0.733053501547034
0.7314015331284385
0.7356006188492519
0.7292168261727303
0.7184954638514294
0.7118273473177965
0.6954441605923971
0.7240559369452516
0.7353482676654368
0.7220134278666541
0.7209601629241691
0.7326932064455998
0.607146290647671
0.7206631848812617
0.7371088186469434
0.7371088186469434
0.7310032768099404
0.7332892975872365
0.7353482676654368
