0.028014477164606033
-0.010256878059037744
-0.016584919763499517
0.46577401059359236
0.618126278231157
0.6280754496096217
0.05430873905685474
-0.05938046857270396
0.6300981531220389
0.5677032428043673
0.5463510739924894
0.6502557256196344
0.657121783095589
-0.016584919763499517
0.7023974470817714
0.6186136661370683
0.3498661509774411
0.710236744036935
0.5517481375651057
0.5786005260243245
0.5700016215112205
0.5747375264662525
0.547534349350302
0.013266432462791244
0.5566953777282462
0.5574711619234647
0.556321230843263
0.5572444264712457
0.5850745433296453
0.5516268734941003
0.556321230843263
0.5585563339254154
0.5580103898337009
0.5558648627805514
0.5585681183298181
0.5585681183298181
0.5404869113539656
0.5415154190595708
0.5575798965115266
0.5395389751259762
0.5585681183298181
0.5585681183298181
0.5585681183298181
0.5679759241605816
0.5585681183298181
0.5585681183298181
0.5585681183298181
0.5585681183298181
0.5595380141367996
0.5585681183298181
0.5585681183298181
0.5585563339254154
0.556321230843263
0.5552729968637532
0.5585681183298181
0.5552729968637532
0.5564713780615975
0.5552729968637532
0.5532313294756541
0.5552729968637532
0.5552729968637532
0.5552729968637532
0.5552729968637532
0.5595745316293639
0.5595745316293639
0.556321230843263
0.5542902160138276
0.5562276653576117
0.5585681183298181
0.5595745316293639
0.5595745316293639
0.5578630786147667
0.5595380141367996
0.5595745316293639
0.559131650342739
0.5595745316293639
0.5748197207025635
0.5748459078474439
0.5585681183298181
0.5585681183298181
0.5359686177770029
0.6172267513197547
0.5593352237862361
0.5595745316293639
0.559131650342739
0.5595745316293639
0.5595745316293639
0.5595745316293639
0.5748459078474439
0.5748459078474439
0.5585681183298181
0.5508635424602407
0.5578630786147667
0.5649972131301486
0.5748459078474439
0.5648056173135517
0.5562276653576117
0.5748459078474439
0.5748459078474439
0.5562276653576117
0.5748459078474439
0.5748459078474439
0.5748459078474439
0.5562276653576117
0.5649972131301486
0.5562276653576117
0.5595745316293639
0.5648056173135517
0.5648056173135517
0.5648056173135517
0.5633617760457188
0.5648056173135517
0.5566230094917379
0.5648056173135517
0.5648056173135517
0.5748459078474439
0.5562276653576117
0.5748459078474439
0.5570408886373565
0.5495061906144887
0.5649972131301486
0.5648056173135517
0.5748459078474439
0.5648056173135517
0.5748459078474439
0.5748459078474439
0.5748459078474439
0.5748459078474439
0.5495061906144887
0.5748459078474439
0.5648056173135517
0.5648056173135517
0.5748459078474439
0.5748459078474439
0.5648056173135517
0.5562276653576117
0.5565422948958993
0.5562276653576117
0.5748459078474439
0.5748459078474439
0.5748459078474439
0.5595745316293639
0.5595745316293639
0.5748459078474439
0.5748197207025635
0.5748459078474439
0.5648056173135517
0.5748459078474439
0.5648056173135517
0.5748459078474439
0.5648056173135517
0.5748459078474439
0.5748459078474439
0.5748459078474439
0.5748459078474439
0.5748459078474439
0.5749168800529035
0.5748459078474439
0.5748459078474439
0.5648056173135517
0.5748459078474439
0.5748459078474439
0.5748459078474439
0.5748459078474439
0.5748459078474439
0.5748459078474439
0.5748459078474439
0.5748459078474439
0.5593352237862361
0.5748459078474439
0.5748459078474439
0.5748459078474439
0.5748459078474439
0.5593352237862361
0.5748459078474439
0.5595745316293639
0.5595745316293639
0.5748459078474439
0.5748459078474439
0.5748459078474439
0.5748459078474439
0.5748459078474439
0.5748459078474439
0.5748459078474439
0.5748459078474439
0.5748459078474439
0.5748459078474439
0.5648056173135517
0.5748459078474439
0.5495061906144887
0.5748459078474439
0.5748459078474439
0.5748459078474439
0.5748459078474439
0.5648056173135517
0.5748459078474439
0.5748459078474439
0.5748459078474439
0.5748459078474439
0.5748459078474439
0.5748459078474439
0.5748459078474439
0.5748459078474439
0.5748459078474439
0.5748459078474439
0.5748459078474439
0.5748459078474439
0.5748459078474439
0.5748459078474439
0.5748459078474439
0.5748459078474439
0.5748459078474439
0.5748459078474439
0.5748459078474439
0.5748459078474439
0.5748459078474439
0.5749168800529035
0.5749168800529035
0.5756029685522441
0.5748459078474439
0.5748459078474439
0.5748459078474439
0.5748459078474439
0.5749168800529035
0.5748459078474439
0.5756029685522441
0.5748459078474439
0.5748459078474439
0.5748459078474439
0.5748459078474439
0.5748459078474439
0.5748459078474439
0.5748459078474439
0.5749168800529035
0.5748459078474439
0.5749168800529035
0.5748459078474439
0.5748459078474439
0.5748459078474439
0.5748459078474439
0.5749168800529035
0.5748459078474439
0.5748459078474439
0.5748459078474439
0.5748459078474439
0.5748459078474439
0.5748459078474439
0.5748459078474439
0.5748459078474439
0.5748459078474439
0.5748459078474439
0.5748459078474439
0.5748459078474439
0.5748459078474439
0.5748459078474439
0.5748459078474439
0.5748459078474439
0.5748459078474439
0.5748459078474439
0.5748459078474439
0.559131650342739
0.5748459078474439
0.5748459078474439
0.5595745316293639
0.5748459078474439
0.5748459078474439
0.5748459078474439
0.5748459078474439
0.5748459078474439
0.5748459078474439
0.5748459078474439
0.5748459078474439
0.5748459078474439
0.5748459078474439
0.5748459078474439
0.5748459078474439
0.5748459078474439
0.5595745316293639
0.5748459078474439
0.5749168800529035
0.5748459078474439
0.5748459078474439
0.5748459078474439
0.5593352237862361
0.5748459078474439
0.5748459078474439
0.5748459078474439
0.5748459078474439
0.5748459078474439
0.5748459078474439
0.5748459078474439
0.5748459078474439
0.5748459078474439
0.5748459078474439
0.5748459078474439
0.5748459078474439
0.5748459078474439
0.5748459078474439
0.5748459078474439
0.5748459078474439
0.5748459078474439
0.5748459078474439
0.5748459078474439
0.5748459078474439
0.5748459078474439
0.5748459078474439
0.5748459078474439
0.5748459078474439
0.5748459078474439
0.5748459078474439
0.5748459078474439
0.5748459078474439
0.5748459078474439
0.5748459078474439
0.5748459078474439
0.5748459078474439
0.5749168800529035
0.5748459078474439
0.5749168800529035
0.5748459078474439
0.5748459078474439
0.5748459078474439
0.5748459078474439
0.5748459078474439
0.5748459078474439
0.5748905214599755
0.5748459078474439
0.5748459078474439
0.5748459078474439
0.5748459078474439
0.5749168800529035
0.5748459078474439
0.5748459078474439
0.5748459078474439
0.5748459078474439
0.5748459078474439
0.5748459078474439
0.5748459078474439
0.5748459078474439
0.5748459078474439
0.5748459078474439
0.5748459078474439
0.5748459078474439
0.5748459078474439
0.5748459078474439
0.5748459078474439
0.5748459078474439
0.5748459078474439
0.5748459078474439
0.5748459078474439
0.5748459078474439
0.5748459078474439
0.5748459078474439
0.5748459078474439
0.5527179301638051
0.5748459078474439
0.5748459078474439
0.5527179301638051
0.5748459078474439
0.5748459078474439
0.5527179301638051
0.5527179301638051
0.5648056173135517
0.5748459078474439
0.5495061906144887
0.5748459078474439
0.5748459078474439
0.5748459078474439
0.5748459078474439
0.5748459078474439
0.5648056173135517
0.5748459078474439
0.5527179301638051
0.5748459078474439
0.5748459078474439
0.5748459078474439
0.5748459078474439
0.5748459078474439
0.5748459078474439
0.5748459078474439
0.5748459078474439
0.5748459078474439
0.5748459078474439
0.5748459078474439
0.5748459078474439
0.5748459078474439
0.5748459078474439
0.5748459078474439
0.5748459078474439
0.5595745316293639
0.5748459078474439
0.5748459078474439
0.5748459078474439
0.5748459078474439
0.5648056173135517
0.5748459078474439
0.5748459078474439
0.5748459078474439
0.5748459078474439
0.5748459078474439
0.5748459078474439
0.5748459078474439
0.5748459078474439
0.5748459078474439
0.565235659488136
0.5748459078474439
0.5748459078474439
0.5748459078474439
0.5748459078474439
0.5748459078474439
0.5748459078474439
0.5748459078474439
0.5748459078474439
0.5748459078474439
0.5748459078474439
0.5748459078474439
0.5748459078474439
0.5748459078474439
0.5749168800529035
0.5749168800529035
0.5749168800529035
0.5748459078474439
0.5749168800529035
0.5748459078474439
0.5748459078474439
0.5749168800529035
0.5749168800529035
0.5748459078474439
0.5756029685522441
0.5755691666139657
0.5749168800529035
0.5748459078474439
0.5757332287550788
0.5756029685522441
0.5748459078474439
0.5749168800529035
0.5756029685522441
0.5757332287550788
0.5755691666139657
0.5755691666139657
0.5737997289231709
0.5755691666139657
0.5757332287550788
0.575289800915991
0.575289800915991
0.5756029685522441
0.5757332287550788
0.5748459078474439
0.5755691666139657
0.5749748815812329
0.575289800915991
0.5749168800529035
0.5757332287550788
0.5749748815812329
0.5757332287550788
0.5746584233104917
0.575289800915991
0.5748459078474439
0.5749168800529035
0.5756029685522441
0.5749168800529035
0.575289800915991
0.5756029685522441
0.5746584233104917
0.575289800915991
0.5756029685522441
0.5755766980297223
0.5755691666139657
0.5749748815812329
0.575289800915991
0.5757332287550788
0.5748459078474439
0.5749168800529035
0.5746584233104917
0.5755691666139657
0.5756029685522441
0.5749748815812329
0.5756029685522441
0.5749168800529035
0.5756029685522441
0.5756029685522441
0.5755691666139657
0.5749748815812329
0.5756029685522441
0.575289800915991
0.575289800915991
0.5749748815812329
0.5755691666139657
0.5755691666139657
0.5748459078474439
0.5749168800529035
0.5748459078474439
0.5756029685522441
0.5749168800529035
0.5748459078474439
0.5749748815812329
0.5756029685522441
0.5748459078474439
0.5749168800529035
0.5756029685522441
0.5755691666139657
0.5748459078474439
0.5657307070894043
0.5654242287830973
0.5748459078474439
0.5748459078474439
0.5748459078474439
0.5748459078474439
0.5748459078474439
0.5748459078474439
0.5748905214599755
0.5748459078474439
0.5748459078474439
0.5748459078474439
0.5748459078474439
0.5748459078474439
0.5748459078474439
0.5748459078474439
0.5748459078474439
0.5748459078474439
0.5748459078474439
0.5748459078474439
0.5748459078474439
0.5748459078474439
0.5748459078474439
0.5748459078474439
0.5748459078474439
0.5748459078474439
0.5748459078474439
0.5748459078474439
0.5748459078474439
0.5748459078474439
0.5748459078474439
0.5748459078474439
0.5748459078474439
0.5748459078474439
0.5748459078474439
0.5748459078474439
0.5749168800529035
0.5748459078474439
0.5748459078474439
0.5748459078474439
0.5748459078474439
0.5748459078474439
0.5748459078474439
0.5748459078474439
0.5748459078474439
0.5748459078474439
0.5748459078474439
0.5756029685522441
0.5749168800529035
0.5748459078474439
0.5748459078474439
0.5748459078474439
0.5756029685522441
0.5748459078474439
0.5748459078474439
0.5749168800529035
0.5748459078474439
0.5748459078474439
0.5749168800529035
0.5748459078474439
0.5749168800529035
0.5748459078474439
0.5748459078474439
0.5749168800529035
0.5593352237862361
0.5748459078474439
0.5749168800529035
0.5749487674023197
0.5756029685522441
0.5748459078474439
0.5748459078474439
0.575263662162733
0.5748459078474439
0.5755430022854686
0.5757332287550788
0.5752527359233468
0.5749748815812329
0.5755691666139657
0.5591728309621393
0.5755691666139657
0.5623576553014693
0.575289800915991
0.5755691666139657
0.5749748815812329
0.5583934685459573
0.5743543834081766
0.5755691666139657
0.5748459078474439
0.5748459078474439
0.5748459078474439
0.5748459078474439
0.5748459078474439
0.5749168800529035
0.5748459078474439
0.5748459078474439
0.5748459078474439
0.5748459078474439
0.5748459078474439
0.5748459078474439
0.5749168800529035
0.5748459078474439
0.5748459078474439
0.5748459078474439
0.5748459078474439
0.5748459078474439
0.5748459078474439
0.5749168800529035
0.5748459078474439
0.5748459078474439
0.5749168800529035
0.5748459078474439
0.5756029685522441
0.5748459078474439
0.5748459078474439
0.5748459078474439
0.5748459078474439
0.5748459078474439
0.5749168800529035
0.5749168800529035
0.5748459078474439
0.5749168800529035
0.5748459078474439
0.5755691666139657
0.5748459078474439
0.5748459078474439
0.5757332287550788
0.5746584233104917
0.5757332287550788
0.575289800915991
0.5755691666139657
0.5749168800529035
0.5756029685522441
0.5749168800529035
0.5749168800529035
0.5749168800529035
0.5749168800529035
0.5749168800529035
0.5757332287550788
0.5749748815812329
0.5617196939654066
0.5740678048685925
0.5757332287550788
0.575289800915991
0.5749748815812329
0.5756029685522441
0.5755430022854686
0.5748459078474439
0.575289800915991
0.5588022525126861
0.5757332287550788
0.5756029685522441
0.5748459078474439
0.5749168800529035
0.5748459078474439
0.5748459078474439
0.5748459078474439
0.5748459078474439
0.5748459078474439
0.5748459078474439
0.5748459078474439
0.5748459078474439
0.5748459078474439
0.5748459078474439
0.5748459078474439
0.5748459078474439
0.5748459078474439
0.5748459078474439
0.5748459078474439
0.5748459078474439
0.5748459078474439
0.5748459078474439
0.5748459078474439
0.5748459078474439
0.5748459078474439
0.5748459078474439
0.5748459078474439
0.5748459078474439
0.5748459078474439
0.5748459078474439
0.5749168800529035
0.5748459078474439
0.5748459078474439
0.5748459078474439
0.5748459078474439
0.5748459078474439
0.5748459078474439
0.5748459078474439
0.5748459078474439
0.5748459078474439
0.5749168800529035
0.5748459078474439
0.5748459078474439
0.5748459078474439
0.5748459078474439
0.5748459078474439
0.5748459078474439
0.5748459078474439
0.5748459078474439
0.5749168800529035
0.5748459078474439
0.5748459078474439
0.5748459078474439
0.5748459078474439
0.5748459078474439
0.5748459078474439
0.5748459078474439
0.5748459078474439
0.5748459078474439
0.5748459078474439
0.5748459078474439
0.5748459078474439
0.5748459078474439
0.5748459078474439
0.5748459078474439
0.5748459078474439
0.5748459078474439
0.5748459078474439
0.5748459078474439
0.5748459078474439
0.5748459078474439
0.5748459078474439
0.5748459078474439
0.5748459078474439
0.5748459078474439
0.5748459078474439
0.5748459078474439
0.5748459078474439
0.5748459078474439
0.5748459078474439
0.5748459078474439
0.5748459078474439
0.5748459078474439
0.5748459078474439
0.5748459078474439
0.5749168800529035
0.5748459078474439
0.5748459078474439
0.5748459078474439
0.5748459078474439
0.5748459078474439
0.5748459078474439
0.5748459078474439
0.5748459078474439
0.5748459078474439
0.5748459078474439
0.5748459078474439
0.5748459078474439
0.5748459078474439
0.5748459078474439
0.5748459078474439
0.5748459078474439
0.5748459078474439
0.5748459078474439
0.5748459078474439
0.5748459078474439
0.5748459078474439
0.5748459078474439
0.5748459078474439
0.5749168800529035
0.5748459078474439
0.5749168800529035
0.5748459078474439
0.5748459078474439
0.5748459078474439
0.5748459078474439
0.5748459078474439
0.5748459078474439
0.5748459078474439
0.5748459078474439
0.5748459078474439
0.5749168800529035
0.5748459078474439
0.5748459078474439
0.5748459078474439
0.5748459078474439
0.5748459078474439
0.5749168800529035
0.5748459078474439
0.5748459078474439
0.5748459078474439
0.5748459078474439
0.5748459078474439
0.5748459078474439
0.5748459078474439
0.5748459078474439
0.5748459078474439
0.5749168800529035
0.5748459078474439
0.5748459078474439
0.5748459078474439
0.5748459078474439
0.5748459078474439
0.5748459078474439
0.5748459078474439
0.5748459078474439
0.5748459078474439
0.5748459078474439
0.5749168800529035
0.5748459078474439
0.5748459078474439
0.5748459078474439
0.5756029685522441
0.5748459078474439
0.5749168800529035
0.5748459078474439
0.5756029685522441
0.5756029685522441
0.5748459078474439
0.5755691666139657
0.575289800915991
0.575289800915991
0.5735494311959418
0.5755691666139657
0.5737997289231709
0.5746584233104917
0.5735494311959418
0.5749748815812329
0.5743543834081766
0.5755691666139657
0.5756029685522441
0.5757332287550788
0.575289800915991
0.5743543834081766
0.5749748815812329
0.5755691666139657
0.5757332287550788
0.5755691666139657
0.5749168800529035
0.5757332287550788
0.5756029685522441
0.5757332287550788
0.575289800915991
0.5756029685522441
0.5757332287550788
0.5748459078474439
0.5748459078474439
0.5756029685522441
0.5748459078474439
0.5755691666139657
0.5755691666139657
0.5746584233104917
0.5756029685522441
0.5749748815812329
0.575289800915991
0.5748459078474439
0.5749168800529035
0.5755430022854686
0.5757332287550788
0.5749168800529035
0.5757332287550788
0.5755691666139657
0.5756029685522441
0.575289800915991
0.5749748815812329
0.575289800915991
0.575289800915991
0.5746584233104917
0.5746584233104917
0.575289800915991
0.5748459078474439
0.5748459078474439
0.5748459078474439
0.5748459078474439
0.5748459078474439
0.5748459078474439
0.5748459078474439
0.5748459078474439
0.5748459078474439
0.5748459078474439
0.5748459078474439
0.5748459078474439
0.5748459078474439
0.5748459078474439
0.5748459078474439
0.5748459078474439
0.5748459078474439
0.5748459078474439
0.5748459078474439
0.5748459078474439
0.5748459078474439
0.5748459078474439
0.5748459078474439
0.5748459078474439
0.5748459078474439
0.5748459078474439
0.5748459078474439
0.5748459078474439
0.5748459078474439
0.5748459078474439
0.5748459078474439
0.5748459078474439
0.5748459078474439
0.5748459078474439
0.5748459078474439
0.5748459078474439
0.5748459078474439
0.5748459078474439
0.5748459078474439
0.5748459078474439
0.5748459078474439
0.5748459078474439
0.5748459078474439
0.5748459078474439
0.5748459078474439
0.5748459078474439
0.5748459078474439
0.5748459078474439
0.5748459078474439
0.5748459078474439
0.5748459078474439
0.5748459078474439
0.5748459078474439
0.5748459078474439
0.5748459078474439
0.5748459078474439
0.5748459078474439
0.5748459078474439
0.5748459078474439
0.5748459078474439
0.5748459078474439
0.5748459078474439
0.5748459078474439
0.5748459078474439
0.5748459078474439
0.5748459078474439
0.5748459078474439
0.5748459078474439
0.5748459078474439
0.5748459078474439
0.5748459078474439
0.5749168800529035
0.5748459078474439
0.5748459078474439
0.5748459078474439
0.5748459078474439
0.5748459078474439
0.5748459078474439
0.5748459078474439
0.5748459078474439
0.5748459078474439
0.5748459078474439
0.5748459078474439
0.5748459078474439
0.5748459078474439
0.5748459078474439
0.5748459078474439
0.5748459078474439
0.5748459078474439
0.5748459078474439
0.5748459078474439
0.5748459078474439
0.5748459078474439
0.5748459078474439
0.5748459078474439
0.5748459078474439
0.5748459078474439
0.5748459078474439
0.5748459078474439
0.5748459078474439
0.5748459078474439
0.5748459078474439
0.5749168800529035
0.5748459078474439
0.5748459078474439
0.5748459078474439
0.5748459078474439
0.5748459078474439
0.5748459078474439
0.5748459078474439
0.5748459078474439
0.5748459078474439
0.5748459078474439
0.5748459078474439
0.5748459078474439
0.5748459078474439
0.5748459078474439
0.5748459078474439
0.5748459078474439
0.5748459078474439
0.5748459078474439
0.5756029685522441
0.5748459078474439
0.5748459078474439
0.5749168800529035
0.5755691666139657
0.5737997289231709
0.5726949403022574
0.5737997289231709
0.5743543834081766
0.574288652057031
0.5755430022854686
0.5756029685522441
0.5737997289231709
0.5740678048685925
0.5743543834081766
0.5749168800529035
0.5358607554206982
0.5748607754646602
0.5757332287550788
0.5743543834081766
0.5757332287550788
0.5756029685522441
0.5748459078474439
0.5748459078474439
0.5748459078474439
0.5748459078474439
0.5748459078474439
0.5748459078474439
0.5748459078474439
0.5748459078474439
0.5748459078474439
0.5748459078474439
0.5748459078474439
0.5748459078474439
0.5748459078474439
0.5749168800529035
0.5748459078474439
0.5748459078474439
0.5748459078474439
0.5748459078474439
0.5748459078474439
0.5748459078474439
0.5748459078474439
0.5748459078474439
0.5748459078474439
0.5748459078474439
0.5748459078474439
0.5749168800529035
0.5748459078474439
0.5748459078474439
0.5748459078474439
0.5757332287550788
0.5756029685522441
0.5757332287550788
0.5748459078474439
0.5749168800529035
0.5748459078474439
0.5748459078474439
0.5749168800529035
0.5748459078474439
0.5748459078474439
0.5749168800529035
0.5748459078474439
0.5756029685522441
0.5755691666139657
0.5748459078474439
0.5746584233104917
0.5746584233104917
0.5756029685522441
0.575289800915991
0.5755691666139657
0.5749748815812329
0.5749168800529035
0.5756029685522441
0.5748459078474439
0.5748459078474439
0.5755691666139657
0.5757332287550788
0.5749748815812329
0.5755025053906097
0.5748459078474439
0.575289800915991
0.5749748815812329
0.5756029685522441
0.5755691666139657
0.5755691666139657
0.575289800915991
0.5748459078474439
0.5749748815812329
0.5749748815812329
0.5755691666139657
0.5749168800529035
0.5748459078474439
0.5755691666139657
0.5757880386575887
0.5748459078474439
0.5749168800529035
0.5749168800529035
0.5757880386575887
0.5748459078474439
0.5753152610010728
0.5741592857405546
0.5699889488562371
0.5887881940308813
0.5679607625942033
0.5743261641806625
0.5758582023409551
0.5746560403132734
0.5748459078474439
0.5745555470553638
0.5756029685522441
0.5595745316293639
0.5749168800529035
0.5757332287550788
0.5748459078474439
0.5749168800529035
0.5748459078474439
0.5748459078474439
0.5748459078474439
0.5748459078474439
0.5748459078474439
0.5748459078474439
0.5748459078474439
0.5748459078474439
0.5748459078474439
0.5748459078474439
0.5749168800529035
0.5748459078474439
0.5748459078474439
0.5748459078474439
0.5748459078474439
0.5749168800529035
0.5748459078474439
0.5748459078474439
0.5748459078474439
0.5748459078474439
0.5748459078474439
0.5748459078474439
0.5748459078474439
0.5748459078474439
0.5748459078474439
0.5748459078474439
0.5748459078474439
0.5748459078474439
0.5748459078474439
0.5748459078474439
0.5748459078474439
0.5748459078474439
0.5748459078474439
0.5748459078474439
0.5748459078474439
0.5748459078474439
0.5748459078474439
0.5748459078474439
0.5748459078474439
0.5748459078474439
0.5748459078474439
0.5749168800529035
0.5748459078474439
0.5749168800529035
0.5748459078474439
0.5748459078474439
0.5748459078474439
0.5749168800529035
0.5743543834081766
0.5749748815812329
0.5746584233104917
0.5749168800529035
0.5749168800529035
0.5748459078474439
0.5757332287550788
0.5751820633734273
0.5740678048685925
0.5749748815812329
0.5746584233104917
0.5755691666139657
0.5755691666139657
0.5748459078474439
0.5757332287550788
0.5749748815812329
0.5758331803723542
0.5757880386575887
0.575289800915991
0.5757332287550788
0.5757332287550788
0.5755691666139657
0.5748459078474439
0.5749168800529035
0.5748459078474439
0.5748459078474439
0.5748459078474439
0.5748459078474439
0.5748459078474439
0.5749168800529035
0.5748459078474439
0.5748459078474439
0.5748459078474439
0.5748459078474439
0.575289800915991
0.5756029685522441
0.5748459078474439
0.5748459078474439
0.5748459078474439
0.5749168800529035
0.5757332287550788
0.5749748815812329
0.5749168800529035
0.575289800915991
0.5749168800529035
0.5748459078474439
0.5756029685522441
0.5748459078474439
0.575289800915991
0.5749748815812329
0.5746584233104917
0.5746584233104917
0.5749748815812329
0.575289800915991
0.5757332287550788
0.5748459078474439
0.5751820633734273
0.5753152610010728
0.575289800915991
0.5755025053906097
0.5749168800529035
0.5756029685522441
0.575289800915991
0.5749168800529035
0.5758331803723542
0.575289800915991
0.5749748815812329
0.5755691666139657
0.5759585213350982
0.5755691666139657
0.5754822768353729
0.5749748815812329
0.5755691666139657
0.5755691666139657
0.5753521785399689
0.5753521785399689
0.5748459078474439
0.5751416805210398
0.5750404445906365
0.5751416805210398
0.5751416805210398
0.5759585213350982
0.5660546468138432
0.5713768004023592
0.5741210064834315
0.5712958057990329
0.5662543398164184
0.5670437119860252
0.5722697337668953
0.5736945954925781
0.5748459078474439
0.5753521785399689
0.5750404445906365
0.5749168800529035
0.5748459078474439
0.5749168800529035
0.5748459078474439
0.5757880386575887
0.5751416805210398
0.5749168800529035
0.5757332287550788
0.5748459078474439
0.5751820633734273
0.5527179301638051
0.5534211025694817
0.5755691666139657
0.5749748815812329
0.5748459078474439
0.5757332287550788
0.5753521785399689
0.5749168800529035
0.5751820633734273
0.5743543834081766
0.575289800915991
0.5753152610010728
0.5757332287550788
0.5757332287550788
0.575263662162733
0.5748459078474439
0.5749168800529035
0.5606803413210468
0.5727527225405632
0.535226159168879
0.5474869304587031
0.560720870701501
0.560683831583668
0.5748459078474439
0.5748459078474439
0.5748459078474439
0.5748459078474439
0.5748459078474439
0.5527179301638051
0.5748459078474439
0.5748459078474439
0.5748459078474439
0.5748459078474439
0.5748459078474439
0.5748459078474439
0.5748459078474439
0.5648056173135517
0.5748459078474439
0.5748459078474439
0.5748459078474439
0.5748459078474439
0.5748459078474439
0.5748459078474439
0.5748459078474439
0.5748459078474439
0.5748459078474439
0.5748459078474439
0.5748459078474439
0.5748459078474439
0.5748459078474439
0.5748459078474439
0.5748459078474439
0.5748459078474439
0.5748459078474439
0.5749168800529035
0.5748459078474439
0.5748459078474439
0.5748459078474439
0.5748197207025635
0.5748459078474439
0.5748459078474439
0.5748459078474439
0.5748459078474439
0.5748459078474439
0.5748459078474439
0.5748459078474439
0.5748459078474439
0.5748459078474439
0.5748459078474439
0.5748459078474439
0.5748459078474439
0.5748459078474439
0.5748459078474439
0.5748459078474439
0.5749168800529035
0.5748459078474439
0.5748459078474439
0.5748459078474439
0.5748459078474439
0.5748459078474439
0.5748459078474439
0.5748459078474439
0.5748459078474439
0.5748459078474439
0.5748459078474439
0.5748459078474439
0.5748459078474439
0.5748459078474439
0.5748459078474439
0.5748459078474439
0.5748459078474439
0.5749168800529035
0.5748459078474439
0.5748459078474439
0.5748459078474439
0.5748459078474439
0.5748459078474439
0.5748459078474439
0.5748459078474439
0.5748459078474439
0.5748459078474439
0.5748459078474439
0.5748459078474439
0.5748459078474439
0.5748459078474439
0.5748459078474439
0.5748459078474439
0.5748459078474439
0.5748459078474439
0.5748459078474439
0.5748459078474439
0.5748459078474439
0.5748459078474439
0.5749168800529035
0.5748459078474439
0.5748459078474439
0.5748459078474439
0.5748459078474439
0.5748459078474439
0.5748459078474439
0.5748459078474439
0.5748459078474439
0.5748459078474439
0.5748459078474439
0.5748459078474439
0.5748459078474439
0.5748459078474439
0.5748459078474439
0.5748459078474439
0.5748459078474439
0.5748459078474439
0.5748459078474439
0.5748459078474439
0.5748459078474439
0.5748459078474439
0.5748459078474439
0.5748459078474439
0.5748459078474439
0.5748459078474439
0.5748459078474439
0.5748459078474439
0.5748459078474439
0.5748459078474439
0.5748459078474439
0.5748459078474439
0.5748459078474439
0.5748459078474439
0.5748459078474439
0.5748459078474439
0.5748459078474439
0.5748459078474439
0.5748459078474439
0.5748459078474439
0.5748459078474439
0.5748459078474439
0.5748459078474439
0.5748459078474439
0.5748197207025635
0.5748459078474439
0.5748459078474439
0.5748459078474439
0.5748459078474439
0.5748459078474439
0.5748459078474439
0.5749168800529035
0.5748459078474439
0.5748459078474439
0.5748459078474439
0.5748459078474439
0.5748197207025635
0.5748459078474439
0.5748459078474439
0.5748459078474439
0.5748334527145914
0.5748197207025635
0.5748614734408726
0.5749919242545953
0.575831104687242
0.5753409559390181
0.5766452665690138
0.5757632024066585
0.559304073438894
0.5472251151008811
0.560701238375436
0.5456639114146418
0.5970918265363407
0.5916086700755832
0.597164317667636
0.5901336068118561
0.5429894054904931
0.6209969453101627
0.5420280252548304
0.5615144934385656
0.5886577369687416
0.6198269892665327
0.5727809448016136
0.5136336327010749
0.6530358946219785
0.7057868877773964
0.6851291169777141
0.5985658190961929
0.680307406460038
0.6772188772594923
0.6887132999290857
0.6831004975640349
0.6504795586362658
0.6709743826598188
0.7121705200604431
0.6997820972934881
0.6639288054906309
0.6954370837589303
0.5995036042460324
0.7013910478849742
0.6852880129985452
0.5600378895710292
0.7065189529536805
0.6383505864816199
0.591640419470397
0.7068426509575358
0.7103494524040759
0.6943592518738745
0.705814585393344
0.7084881368960769
0.6502781942471685
0.7081691646167547
0.6996428390187617
0.7042100947561913
0.7089680709364603
0.6866449966950396
0.7050765395539694
0.6997267098212914
0.7035656562921933
0.6933571552404313
0.2701718518750911
0.6918078017935142
0.7029224163932237
0.7131529945686155
0.6942472230842113
0.7027813646729015
0.695087966174926
0.7069963052890298
0.7023312207066844
0.6966590518496104
0.7043821956602334
0.7015353840233384
0.6979399612102324
0.6943367615652185
0.6982195014054493
0.6926562411398992
0.7077358605809925
0.7010332804703359
0.701487865264815
0.707862417290625
0.6928401782417634
0.6971256241736568
0.7009409976186788
0.6960629015731071
0.7110140850621349
0.7005389418747454
0.6945965267860087
0.7100487235463981
0.7098284706619495
0.7032211987730941
0.721180353425325
0.7074052367394394
0.7068658718839208
0.7045358768516752
0.6986681768288603
0.7209328680997162
0.7110879761577528
0.70253565093325
0.7142199738942461
0.7152626549698919
0.6097919981556246
0.7209172093371496
0.7158935243631873
0.7265935574274933
0.7151920981477858
0.7315825804813716
0.7148722230167246
0.7309939053642268
0.7301876978030057
0.7263617106381031
0.7272976168131433
0.7243336079685878
0.7354268862460789
0.7306472096330702
0.7346721121519806
0.7266946971996999
0.7299973194441786
0.7313711418731574
0.7263522758467345
0.7047250526093418
0.6724037060285672
0.7248727559440673
0.7262653864702
0.724112084477162
0.5519446291392814
0.7308966039899273
0.7322788783970088
0.7325706358491582
0.7166462583464621
0.7161599475077285
0.7031610210094228
0.7321118770798558
0.7236956107575117
0.7266795957296148
0.7326215991910614
0.7295131371330181
0.7248170792708262
0.7302179434234295
0.7166643071085073
0.735409659693149
0.711148061721865
0.7157132270589678
0.7303952463896877
0.7235200206906516
0.7240835752345403
0.730883368099164
0.7260749097009077
0.7049110694063838
0.7253696045635384
0.7320862480643259
0.7369678059535314
0.7332235671478136
0.7262656511089132
0.7018983503188991
0.7156309556909408
0.6927663255708423
0.7261912503092594
0.7208350451560521
0.7116220563616249
0.7293332378503325
0.7311529936521619
0.7151797869399824
0.7263100914437182
0.7125301290918984
0.7148035894558853
0.7027237719894958
0.72624084620836
0.6960582310532346
0.7271658213849213
0.7229888697370855
0.7280604522586147
0.7201004458840541
0.7298919553209033
0.735396045509956
0.7333188773604187
0.7353870839950305
0.7361278788648157
0.7343532223278322
0.7343650847901257
0.7266851001018653
0.7288566033435614
0.7378721874063979
0.7353589190783154
0.7340906094257564
0.7166462583464621
0.7333097007451566
0.6308336643974966
0.6643772669090838
0.7365098937763817
0.732822233487082
0.7307965469300458
0.7317345969460287
0.7266481750353113
0.7339479451616648
0.7306707041891335
0.7288186602110229
0.7249087125798297
0.7279288658543352
0.6987279036301435
0.7301790218322152
0.7289631054635515
0.6986966644419774
0.7265846796233844
0.7249087125798297
0.7287656632345769
0.7291496190763027
0.7275309877226731
0.7280480526462593
0.7230374070175244
0.7200999793440206
0.7253847156947948
0.7292695262046591
0.7327875863210238
0.73696082087575
0.6986966644419774
0.7290603925450886
0.7025792047282426
0.7185943390633949
0.7072786143512921
0.7228814782880415
0.7278587083472984
0.7213621674054576
0.7249087125798297
0.7249087125798297
0.7306608217695775
0.7297079386490157
0.7288112816337788
0.7280480526462593
0.7265878737003836
0.72048899826448
0.7280480526462593
0.7215776334425092
0.7355659118045925
0.7301790218322152
0.730321364748164
0.7303841531076789
0.7265846796233844
0.7057184887696059
0.7240956862143981
0.730668260767499
0.7337170897909286
0.7311760713317516
0.7371349302252734
0.726245323517748
0.7297116263177198
0.7373024282555101
0.7340172589218985
0.7351545582150141
0.7321256329251242
0.7300865644023075
0.7331246039848739
0.7261312157044456
0.7262482642045038
0.72048899826448
0.7073924971552723
0.7312246180203452
0.7154235271115355
0.7295672625791976
0.7352066748251151
0.7260483317955413
0.7367754690782675
0.733066386852179
0.7355659118045925
0.7355659118045925
0.7349849856210757
0.7334261455227649
0.7208183556596991
0.7361600126456109
0.7355815810788568
0.7332711026734718
0.7305515216965863
0.737354766372009
0.7355069732075337
0.7014258702630646
0.7248788497124923
0.7311686471732144
0.7344961208894278
0.7327870352762311
0.7252375628146641
0.7269659814244737
0.736026229342728
0.7319195168564232
0.7259208353958231
0.7315054310499878
0.7369388921842881
0.737239706574897
0.7302578772593538
0.7321937740324986
0.7337590396771918
0.7326219408080337
0.7344069081195895
0.7355913515201402
0.7363244204088772
0.7357073982599263
0.7353367431287463
0.736026229342728
0.7337550759836472
0.7348456590863854
0.736141793769527
0.7201852362099972
0.7366600418955466
0.7344961208894278
0.728375201060009
0.7354256400328285
0.7363244204088772
0.7371401132666955
0.7331484100877133
0.7163902367604038
0.7289631054635515
0.7349847013604541
0.7283541047756097
0.734447654753094
0.7321118770798558
0.7300865644023075
0.7278551207316282
0.7279288658543352
0.7315125483025704
0.7336993068691908
0.7289631054635515
0.7383772746970074
0.7283541047756097
0.7350611300395953
0.7337550759836472
0.737712327218405
0.7152531891785394
0.7265846796233844
0.7297079386490157
0.7301790218322152
0.7297079386490157
0.7336993068691908
0.72048899826448
0.7265846796233844
0.7349849856210757
0.7265846796233844
0.7297079386490157
0.7297079386490157
0.7297079386490157
0.7335074090503744
0.7328961911882156
0.7335074090503744
0.7283541047756097
0.7362200210647067
0.7351315109197696
0.7229946108541354
0.7321250649522835
0.7279288658543352
0.7301574352281716
0.7313217869407408
0.7368504430599201
0.7350611300395953
0.7289631054635515
0.7311760713317516
0.7329780611552977
0.7297079386490157
0.7344961208894278
0.7303841531076789
0.7364577209110867
0.727004307673911
0.7321250649522835
0.7239783414737209
0.7325951425026587
0.7336993068691908
0.7362200210647067
0.7349847013604541
0.7354339157514151
0.7210690716530814
0.7321937740324986
0.7289631054635515
0.7350611300395953
0.7344961208894278
0.7325951425026587
0.7349847013604541
0.7301790218322152
0.7252375628146641
0.7334557433189669
0.7365797154411693
0.7294285795025924
0.7366600418955466
0.7373278468836343
0.7334261455227649
0.7351971652916249
0.7329780611552977
0.729568194389103
0.7348462316008262
0.7363244204088772
0.7372382804321798
0.7369307466539801
0.7376362863809631
0.7379459169480382
0.7314015331284385
0.7279288658543352
0.7265846796233844
0.7297079386490157
0.7349847013604541
0.7344961208894278
0.7349849856210757
0.7289631054635515
0.7375987588191428
0.7364702864690812
0.7283352784875002
0.7361239857653973
0.7264681367925394
0.7356932607876369
0.7342221442001835
0.7336195882372873
0.7367531809140153
0.7266671169327003
0.7368504430599201
0.7337550759836472
0.7334261455227649
0.7361239857653973
0.7367754690782675
0.7325951425026587
0.7335074090503744
0.7373385451225624
0.7331068675026423
0.7363079620495026
0.734447654753094
0.7291066084567182
0.73605332918199
0.7325951425026587
0.7344961208894278
0.732324975187491
0.7325951425026587
0.73605332918199
0.7328961911882156
0.7314015331284385
0.7344204046024093
0.7362200210647067
0.7336993068691908
0.7271361062400712
0.7321937740324986
0.7344961208894278
0.7349847013604541
0.734447654753094
0.7283541047756097
0.7358030282899554
0.727004307673911
0.7347936841386185
0.7349849856210757
0.722682444541229
0.7316780468926243
0.7303841531076789
0.7293327742249885
0.7303841531076789
0.7349849856210757
0.6986966644419774
0.7289631054635515
0.7311760713317516
0.7327870352762311
0.7344961208894278
0.7351544269372792
0.7300865644023075
0.7120583902484381
0.730321364748164
0.5875435194213805
0.7297079386490157
0.7301790218322152
0.7361631142949172
0.7344961208894278
0.7349849856210757
0.7229946108541354
0.7299782989945607
0.7335074090503744
0.7252375628146641
0.7252375628146641
0.7201852362099972
0.7301790218322152
0.7301790218322152
0.7299782989945607
0.727004307673911
0.7248410146327247
0.7328961911882156
0.730321364748164
0.7350103967278347
0.730321364748164
0.7303841531076789
0.7325951425026587
0.7349847013604541
0.7344961208894278
0.732324975187491
0.7349847013604541
0.7351544269372792
0.7335074090503744
0.7311760713317516
0.736433063840004
0.7368439372634694
0.7330538492892721
0.7349961664711548
0.7321937740324986
0.737700686663021
0.7344961208894278
0.7344961208894278
0.7321937740324986
0.7363244204088772
0.7328961911882156
0.732324975187491
0.7358030282899554
0.7349961664711548
0.7336993068691908
0.7344204046024093
0.7367707719229322
0.7360948901761264
0.7311602946461088
0.7287641305561361
0.7359215237792789
0.7297862421436723
0.7367531809140153
0.7324144694039106
0.7331484100877133
0.732160265586123
0.7373385451225624
0.7301044973155489
0.7254872253113127
0.7319400839125987
0.7367531809140153
0.7353436642014595
0.7290896422565589
0.7331068675026423
0.7311760713317516
0.737700686663021
0.7313217869407408
0.7363842906096422
0.734447654753094
0.734447654753094
0.7368504430599201
0.7366600418955466
0.7374315496008613
0.7368439372634694
0.7368504430599201
0.7370168631941092
0.7321747066769542
0.7344204046024093
0.7356691659855297
0.7291066084567182
0.7363079620495026
0.7328961911882156
0.7299782989945607
0.7321250649522835
0.7302578772593538
0.7300865644023075
0.7314015331284385
0.7302578772593538
0.7328961911882156
0.7354339157514151
0.7335074090503744
0.7256235049713697
0.7321250649522835
0.7340285969989438
0.7349961664711548
0.725069545972336
0.7333336876021599
0.7233191679474191
0.7244223023215637
0.7323310610337779
0.7349074970377787
0.7327581734199444
0.7359192950533153
0.7240960531480112
0.733053501547034
0.7314015331284385
0.7283541047756097
0.7292168261727303
0.7184954638514294
0.7100685862067341
0.6871749573365658
0.7240559369452516
0.7312703144641267
0.6195793471439203
0.6095813679771791
0.7305084456819619
0.607146290647671
0.7118576261464381
0.7351980538331058
0.7366125959211387
0.7310032768099404
0.7332167873234698
0.7107357326851409
