0
0
0.04771039467980609
0.09553282778824079
0.598479642021178
0.6264890142008479
0.01812518197863655
0
0.6992294645975259
0.07420069066397617
0.6375783157844654
0.5715308227398992
0.5534211025694817
0.6118573769357785
0.5530715169623626
0.5484457586457558
0.5484457586457558
0.5484457586457558
0.6282904294370174
0.6003621232093129
0.5484457586457558
0.5484457586457558
0.5484457586457558
0.5523266708513905
0.5523266708513905
0.5401144773121576
0.5536342946348478
0
0.5648056173135517
0.5484457586457558
0.6003621232093129
0.5484457586457558
0.5422477743339085
0.5422477743339085
0.5484457586457558
0.5495061906144887
0.5493243143698683
0.5648056173135517
0.5648056173135517
0.5484457586457558
0.5484457586457558
0.46445623098130506
0.5484457586457558
0.5495061906144887
0.5495061906144887
0.5484457586457558
0.5484457586457558
0.5484457586457558
0.5484457586457558
0.5484457586457558
0.5484457586457558
0.5484457586457558
0.5484457586457558
0.5484457586457558
0.5484457586457558
0.5484457586457558
0.5484457586457558
0.5495061906144887
0.5484457586457558
0.5484457586457558
0.5484457586457558
0.5484457586457558
0.5484457586457558
0.5484457586457558
0.5422477743339085
0.5484457586457558
0.5484457586457558
0.5484457586457558
0.5484457586457558
0.5484457586457558
0.5484457586457558
0.5484457586457558
0.5484457586457558
0.5484457586457558
0.5484457586457558
0.5484457586457558
0.5484457586457558
0.5495061906144887
0.5484457586457558
0.5484457586457558
0.5484457586457558
0.5484457586457558
0.5484457586457558
0.5484457586457558
0.5484457586457558
0.5484457586457558
0.5484457586457558
0.5484457586457558
0.5484457586457558
0.5484457586457558
0.5484457586457558
0.5484457586457558
0.5484457586457558
0.5484457586457558
0.5484457586457558
0.5484457586457558
0.5484457586457558
0.5484457586457558
0.5484457586457558
0.5484457586457558
0.5484457586457558
0.5484457586457558
0.5484457586457558
0.5484457586457558
0.5484457586457558
0.5484457586457558
0.5484457586457558
0.5484457586457558
0.5484457586457558
0.5484457586457558
0.5484457586457558
0.5484457586457558
0.5484457586457558
0.5484457586457558
0.5484457586457558
0.5484457586457558
0.5484457586457558
0.5484457586457558
0.5484457586457558
0.5484457586457558
0.5484457586457558
0.5484457586457558
0.5484457586457558
0.5484457586457558
0.5484457586457558
0.5484457586457558
0.5484457586457558
0.5484457586457558
0.5484457586457558
0.5484457586457558
0.5484457586457558
0.5484457586457558
0.5484457586457558
0.5484457586457558
0.5484457586457558
0.5484457586457558
0.5484457586457558
0.5484457586457558
0.5484457586457558
0.5484457586457558
0.5484457586457558
0.5484457586457558
0.5484457586457558
0.5484457586457558
0.5484457586457558
0.5484457586457558
0.5484457586457558
0.5484457586457558
0.5484457586457558
0.5484457586457558
0.5484457586457558
0.5484457586457558
0.5484457586457558
0.5484457586457558
0.5484457586457558
0.5484457586457558
0.5484457586457558
0.5484457586457558
0.5484457586457558
0.5484457586457558
0.5484457586457558
0.5484457586457558
0.5484457586457558
0.5484457586457558
0.5484457586457558
0.5484457586457558
0.5484457586457558
0.5484457586457558
0.5484457586457558
0.5484457586457558
0.5484457586457558
0.5484457586457558
0.5484457586457558
0.5484457586457558
0.5484457586457558
0.5484457586457558
0.5484457586457558
0.5484457586457558
0.5484457586457558
0.5484457586457558
0.5484457586457558
0.5484457586457558
0.5484457586457558
0.5484457586457558
0.5484457586457558
0.5484457586457558
0.5484457586457558
0.5484457586457558
0.5484457586457558
0.5484457586457558
0.5484457586457558
0.5484457586457558
0.5484457586457558
0.5484457586457558
0.5484457586457558
0.5484457586457558
0.5484457586457558
0.5484457586457558
0.5484457586457558
0.5484457586457558
0.5484457586457558
0.5484457586457558
0.5484457586457558
0.5484457586457558
0.5484457586457558
0.5484457586457558
0.5484457586457558
0.5484457586457558
0.5484457586457558
0.5484457586457558
0.5484457586457558
0.5484457586457558
0.5484457586457558
0.5484457586457558
0.5484457586457558
0.5484457586457558
0.5484457586457558
0.5484457586457558
0.5484457586457558
0.5484457586457558
0.5484457586457558
0.5484457586457558
0.5484457586457558
0.5484457586457558
0.5484457586457558
0.5484457586457558
0.5484457586457558
0.5484457586457558
0.5484457586457558
0.5484457586457558
0.5484457586457558
0.5484457586457558
0.5484457586457558
0.5484457586457558
0.5484457586457558
0.5484457586457558
0.5484457586457558
0.5484457586457558
0.5484457586457558
0.5484457586457558
0.5484457586457558
0.5484457586457558
0.5484457586457558
0.5484457586457558
0.5484457586457558
0.5484457586457558
0.5484457586457558
0.5484457586457558
0.5484457586457558
0.5484457586457558
0.5484457586457558
0.5484457586457558
0.5484457586457558
0.5484457586457558
0.5484457586457558
0.5484457586457558
0.5484457586457558
0.5484457586457558
0.5484457586457558
0.5484457586457558
0.5484457586457558
0.5484457586457558
0.5484457586457558
0.5484457586457558
0.5484457586457558
0.5484457586457558
0.5484457586457558
0.5484457586457558
0.5484457586457558
0.5484457586457558
0.5484457586457558
0.5484457586457558
0.5484457586457558
0.5484457586457558
0.5484457586457558
0.5484457586457558
0.5484457586457558
0.5484457586457558
0.5484457586457558
0.5484457586457558
0.5484457586457558
0.5484457586457558
0.5484457586457558
0.5484457586457558
0.5484457586457558
0.5484457586457558
0.5484457586457558
0.5484457586457558
0.5484457586457558
0.5484457586457558
0.5484457586457558
0.5484457586457558
0.5484457586457558
0.5484457586457558
0.5484457586457558
0.5484457586457558
0.5484457586457558
0.5484457586457558
0.5484457586457558
0.5484457586457558
0.5484457586457558
0.5484457586457558
0.5484457586457558
0.5484457586457558
0.5484457586457558
0.5484457586457558
0.5484457586457558
0.5484457586457558
0.5484457586457558
0.5484457586457558
0.5484457586457558
0.5484457586457558
0.5484457586457558
0.5484457586457558
0.5484457586457558
0.5484457586457558
0.5484457586457558
0.5484457586457558
0.5484457586457558
0.5484457586457558
0.5484457586457558
0.5484457586457558
0.5484457586457558
0.5484457586457558
0.5484457586457558
0.5484457586457558
0.5484457586457558
0.5484457586457558
0.5484457586457558
0.5484457586457558
0.5484457586457558
0.5484457586457558
0.5484457586457558
0.5484457586457558
0.5484457586457558
0.5484457586457558
0.5484457586457558
0.5484457586457558
0.5484457586457558
0.5484457586457558
0.5484457586457558
0.5484457586457558
0.5484457586457558
0.5484457586457558
0.5484457586457558
0.5484457586457558
0.5484457586457558
0.5484457586457558
0.5484457586457558
0.5484457586457558
0.5484457586457558
0.5484457586457558
0.5484457586457558
0.5484457586457558
0.5484457586457558
0.5484457586457558
0.5484457586457558
0.5484457586457558
0.5484457586457558
0.5484457586457558
0.5484457586457558
0.5484457586457558
0.5484457586457558
0.5484457586457558
0.5484457586457558
0.5484457586457558
0.5484457586457558
0.5484457586457558
0.5484457586457558
0.5484457586457558
0.5484457586457558
0.5484457586457558
0.5484457586457558
0.5484457586457558
0.5484457586457558
0.5484457586457558
0.5484457586457558
0.5484457586457558
0.5484457586457558
0.5484457586457558
0.5484457586457558
0.5484457586457558
0.5484457586457558
0.5484457586457558
0.5484457586457558
0.5484457586457558
0.5484457586457558
0.5484457586457558
0.5484457586457558
0.5484457586457558
0.5484457586457558
0.5484457586457558
0.5484457586457558
0.5484457586457558
0.5484457586457558
0.5484457586457558
0.5484457586457558
0.5484457586457558
0.5484457586457558
0.5484457586457558
0.5484457586457558
0.5484457586457558
0.5484457586457558
0.5484457586457558
0.5484457586457558
0.5484457586457558
0.5484457586457558
0.5484457586457558
0.5484457586457558
0.5484457586457558
0.5484457586457558
0.5484457586457558
0.5484457586457558
0.5484457586457558
0.5484457586457558
0.5484457586457558
0.5484457586457558
0.5484457586457558
0.5484457586457558
0.5484457586457558
0.5484457586457558
0.5484457586457558
0.5484457586457558
0.5484457586457558
0.5484457586457558
0.5484457586457558
0.5484457586457558
0.5484457586457558
0.5484457586457558
0.5484457586457558
0.5484457586457558
0.5484457586457558
0.5484457586457558
0.5484457586457558
0.5484457586457558
0.5484457586457558
0.5484457586457558
0.5484457586457558
0.5484457586457558
0.5484457586457558
0.5484457586457558
0.5484457586457558
0.5484457586457558
0.5484457586457558
0.5484457586457558
0.5484457586457558
0.5484457586457558
0.5484457586457558
0.5484457586457558
0.5484457586457558
0.5484457586457558
0.5484457586457558
0.5484457586457558
0.5484457586457558
0.5484457586457558
0.5484457586457558
0.5484457586457558
0.5484457586457558
0.5484457586457558
0.5484457586457558
0.5484457586457558
0.5484457586457558
0.5484457586457558
0.5484457586457558
0.5484457586457558
0.5484457586457558
0.5484457586457558
0.5484457586457558
0.5484457586457558
0.5484457586457558
0.5484457586457558
0.5484457586457558
0.5484457586457558
0.5484457586457558
0.5484457586457558
0.5484457586457558
0.5484457586457558
0.5484457586457558
0.5484457586457558
0.5484457586457558
0.5484457586457558
0.5484457586457558
0.5484457586457558
0.5484457586457558
0.5484457586457558
0.5484457586457558
0.5484457586457558
0.5484457586457558
0.5484457586457558
0.5484457586457558
0.5484457586457558
0.5484457586457558
0.5484457586457558
0.5484457586457558
0.5484457586457558
0.5484457586457558
0.5484457586457558
0.5484457586457558
0.5484457586457558
0.5484457586457558
0.5484457586457558
0.5484457586457558
0.5484457586457558
0.5484457586457558
0.5484457586457558
0.5484457586457558
0.5484457586457558
0.5484457586457558
0.5484457586457558
0.5484457586457558
0.5484457586457558
0.5484457586457558
0.5484457586457558
0.5484457586457558
0.5484457586457558
0.5484457586457558
0.5484457586457558
0.5484457586457558
0.5484457586457558
0.5484457586457558
0.5484457586457558
0.5484457586457558
0.5484457586457558
0.5484457586457558
0.5484457586457558
0.5484457586457558
0.5484457586457558
0.5484457586457558
0.5484457586457558
0.5484457586457558
0.5484457586457558
0.5484457586457558
0.5484457586457558
0.5484457586457558
0.5484457586457558
0.5484457586457558
0.5484457586457558
0.5484457586457558
0.5484457586457558
0.5484457586457558
0.5484457586457558
0.5484457586457558
0.5484457586457558
0.5484457586457558
0.5484457586457558
0.5484457586457558
0.5484457586457558
0.5484457586457558
0.5484457586457558
0.5484457586457558
0.5484457586457558
0.5484457586457558
0.5484457586457558
0.5484457586457558
0.5484457586457558
0.5484457586457558
0.5484457586457558
0.5484457586457558
0.5484457586457558
0.5484457586457558
0.5484457586457558
0.5484457586457558
0.5484457586457558
0.5484457586457558
0.5484457586457558
0.5484457586457558
0.5484457586457558
0.5484457586457558
0.5484457586457558
0.5484457586457558
0.5484457586457558
0.5484457586457558
0.5484457586457558
0.5484457586457558
0.5484457586457558
0.5484457586457558
0.5484457586457558
0.5484457586457558
0.5484457586457558
0.5484457586457558
0.5484457586457558
0.5484457586457558
0.5484457586457558
0.5484457586457558
0.5484457586457558
0.5484457586457558
0.5484457586457558
0.5484457586457558
0.5484457586457558
0.5484457586457558
0.5484457586457558
0.5484457586457558
0.5484457586457558
0.5484457586457558
0.5484457586457558
0.5484457586457558
0.5484457586457558
0.5484457586457558
0.5484457586457558
0.5484457586457558
0.5484457586457558
0.5484457586457558
0.5484457586457558
0.5484457586457558
0.5484457586457558
0.5484457586457558
0.5484457586457558
0.5484457586457558
0.5484457586457558
0.5484457586457558
0.5484457586457558
0.5484457586457558
0.5484457586457558
0.5484457586457558
0.5484457586457558
0.5484457586457558
0.5484457586457558
0.5484457586457558
0.5484457586457558
0.5484457586457558
0.5484457586457558
0.5484457586457558
0.5484457586457558
0.5484457586457558
0.5484457586457558
0.5484457586457558
0.5484457586457558
0.5484457586457558
0.5484457586457558
0.5484457586457558
0.5484457586457558
0.5484457586457558
0.5484457586457558
0.5484457586457558
0.5484457586457558
0.5484457586457558
0.5484457586457558
0.5484457586457558
0.5484457586457558
0.5484457586457558
0.5484457586457558
0.5484457586457558
0.5484457586457558
0.5484457586457558
0.5484457586457558
0.5484457586457558
0.5484457586457558
0.5484457586457558
0.5484457586457558
0.5484457586457558
0.5484457586457558
0.5484457586457558
0.5484457586457558
0.5484457586457558
0.5484457586457558
0.5484457586457558
0.5484457586457558
0.5484457586457558
0.5484457586457558
0.5484457586457558
0.5484457586457558
0.5484457586457558
0.5484457586457558
0.5484457586457558
0.5484457586457558
0.5484457586457558
0.5484457586457558
0.5484457586457558
0.5484457586457558
0.5484457586457558
0.5484457586457558
0.5484457586457558
0.5484457586457558
0.5484457586457558
0.5484457586457558
0.5484457586457558
0.5484457586457558
0.5484457586457558
0.5484457586457558
0.5484457586457558
0.5484457586457558
0.5484457586457558
0.5484457586457558
0.5484457586457558
0.5484457586457558
0.5484457586457558
0.5484457586457558
0.5484457586457558
0.5484457586457558
0.5484457586457558
0.5484457586457558
0.5484457586457558
0.5484457586457558
0.5484457586457558
0.5484457586457558
0.5484457586457558
0.5484457586457558
0.5484457586457558
0.5484457586457558
0.5484457586457558
0.5484457586457558
0.5484457586457558
0.5484457586457558
0.5484457586457558
0.5484457586457558
0.5484457586457558
0.5484457586457558
0.5484457586457558
0.5484457586457558
0.5484457586457558
0.5484457586457558
0.5484457586457558
0.5484457586457558
0.5484457586457558
0.5484457586457558
0.5484457586457558
0.5484457586457558
0.5484457586457558
0.5484457586457558
0.5484457586457558
0.5484457586457558
0.5484457586457558
0.5484457586457558
0.5484457586457558
0.5484457586457558
0.5484457586457558
0.5484457586457558
0.5484457586457558
0.5484457586457558
0.5484457586457558
0.5484457586457558
0.5484457586457558
0.5484457586457558
0.5484457586457558
0.5484457586457558
0.5484457586457558
0.5484457586457558
0.5484457586457558
0.5484457586457558
0.5484457586457558
0.5484457586457558
0.5484457586457558
0.5484457586457558
0.5484457586457558
0.5484457586457558
0.5484457586457558
0.5484457586457558
0.5484457586457558
0.5484457586457558
0.5484457586457558
0.5484457586457558
0.5484457586457558
0.5484457586457558
0.5484457586457558
0.5495061906144887
0.5495061906144887
0.4776954917514439
0.5484457586457558
0.6253911509800751
0.5982938381291173
0.6572268479416424
0.6025984919388372
0.6650864657866462
0.5414873968516404
0.6719057106864195
0.6160783825454246
0.6406556914880017
0.41202052071787565
0.7134495303016866
0.10400759626546108
0.7173746141923394
0.6939747100316087
0.6796383422844186
0.07654305379618354
0.6524456605440225
0.7082823046209009
0.00603258416910446
0
0.5663992754131716
0.696067049271234
0.5872191018167854
0.5484457586457558
0.6939514901095454
0.6457873382397614
0
0.711186071962977
0.677799379595992
0.60294838434904
0.6305728193025955
0.6394351529727065
0.529504228257661
0.6424215831896813
0.6773693030425745
0.736402790375059
0.5320885281419697
0.5772305255916977
0.6250757773638557
0.6435042763037532
0.6504992711770748
0.7486112748874282
0.6443427513443489
0.6008877263291661
0.5879585714437733
0.5849500761087885
0.5416297818672642
0.6151516436877977
0.5484457586457558
0.586519708131648
0.5303261455853208
0.5416297818672642
0.6285615198570357
0.5867875890223595
0.5915165614628337
0.5534211025694817
0.6087957693014043
0.5989016012145778
0.6186950155135661
0.6157985046597763
0.5534211025694817
0.6568806562779069
0.6175848384478015
0.5854184291026485
0.6656167291742612
0.6869748515360863
0.6134442052125713
0.6348305165129068
0.6471673623971168
0.640133277769281
0.5937541216479623
0.6151516436877977
0.6151516436877977
0.5989016012145778
0.4970227267797849
0.5464945054813442
0.5938559790106299
0.599230719062303
0.609738035927093
0.5600827184428423
0.5837507857676425
0.6008877263291661
0.6438412675011209
0.5967875333816576
0.6858907077570866
0.6155014234926726
0.516013596121859
0.5967875333816576
0.5967875333816576
0.6013612479014636
0.5967875333816576
0.5996063387316926
0.6007928484822369
0.5967875333816576
0.5484457586457558
0.5484457586457558
0.6122495699692028
0.5124675577574048
0.5461445668966387
0.5967875333816576
0.6334649942895395
0.5967875333816576
0.5534211025694817
0.6008826194807468
0.5989016012145778
0.5534211025694817
0.5503078930361895
0.6008877263291661
0.5837507857676425
0.5416297818672642
0.6008877263291661
0.5984906375936472
0.5989016012145778
0.5996423238831432
0.664176471503636
0.6000843205462891
0.5989016012145778
0.5989016012145778
0.5534211025694817
0.5989016012145778
0.6008877263291661
0.5534211025694817
0.6430351493071942
0.599230719062303
0.6008877263291661
0.5844384620979273
0.09802491199188601
0.5996423238831432
0.5407160701727368
0.5844384620979273
0.5837507857676425
0.5837507857676425
0.5989016012145778
0.5837507857676425
0.5844384620979273
0.5217939987585046
0.6221334614840963
0.6013612479014636
0.5844384620979273
0.6013612479014636
0.5844384620979273
0.5988792882308775
0.5844384620979273
0.5989016012145778
0.5996423238831432
0.5844384620979273
0.5967875333816576
0.5984906375936472
0.5989016012145778
0.5984906375936472
0.5837507857676425
0.5989016012145778
0.5844384620979273
0.5837507857676425
0.5980935527208064
0.5844384620979273
0.5844384620979273
0.5996423238831432
0.5844384620979273
0.5844384620979273
0.6013612479014636
0.5989016012145778
0.5844384620979273
0.5844384620979273
0.5844384620979273
0.6013612479014636
0.5844384620979273
0.5844384620979273
0.5844384620979273
0.5844384620979273
0.5844384620979273
0.5996423238831432
0.5534211025694817
0.5837507857676425
0.5984906375936472
0.5844384620979273
0.5844384620979273
0.5844384620979273
0.6551538113035811
0.5844384620979273
0.5844384620979273
0.5844384620979273
0.5844384620979273
0.5844384620979273
0.5844384620979273
0.5844384620979273
0.5844384620979273
0.5844384620979273
0.5844384620979273
0.6013612479014636
0.5484457586457558
0.5534211025694817
0.5844384620979273
0.5844384620979273
0.5844384620979273
0.5844384620979273
0.5484457586457558
0.5484457586457558
0.5844384620979273
0.5844384620979273
0.5844384620979273
0.5844384620979273
0.5844384620979273
0.5844384620979273
0.5484457586457558
0.5844384620979273
0.5844384620979273
0.5484457586457558
0.5844384620979273
0.5484457586457558
0.5484457586457558
0.5844384620979273
0.5484457586457558
0.5844384620979273
0.5844384620979273
0.5844384620979273
0.5844384620979273
0.5484457586457558
0.5996423238831432
0.5484457586457558
0.5844384620979273
0.5844384620979273
0.5484457586457558
0.5844384620979273
0.5484457586457558
0.5484457586457558
0.5996423238831432
0.5996423238831432
0.5996423238831432
0.543864608717424
0.5844384620979273
0.5996423238831432
0.5996423238831432
0.5996423238831432
0.5996423238831432
0.5996423238831432
0.5996423238831432
0.5996423238831432
0.5996423238831432
0.5996423238831432
0.5996423238831432
0.5996423238831432
