-0.1764664399817183
-0.22596166907487192
-0.22633018794123108
-0.6459835722235816
-0.17526972400008656
-0.19725054379341897
-0.3803797803939842
-0.16
-1.2141491585208382
-0.4478014708802874
-0.3956393227498102
0.13711786506228962
0.22043846892695995
0.03352623395923981
0.2643786160743581
0.07039717722539682
0.3784457586457557
0.3184457586457557
-0.1704604324788654
0.37620618275424433
0.3506522713679368
0.38224777433390833
0.21420727469327194
0.2374648644283155
0.2005311823346742
0.2050534642538122
0.35232667085139036
-0.1796055257829411
0.35480561731355154
0.30769549175144373
0.29036212320931265
0.3784457586457557
0.3863028187230344
0.33224777433390834
0.3638646087174239
0.35753077023410174
0.19082452688882812
0.2148056173135514
0.3348056173135515
0.39224777433390834
0.3424675577574047
0.18445623098130481
0.3122477743339083
0.28950619061448846
0.37950619061448854
0.38224777433390833
0.3784457586457557
0.3884457586457557
0.3884457586457557
0.3884457586457557
0.38224777433390833
0.3884457586457557
0.3884457586457557
0.3884457586457557
0.3938646087174239
0.3884457586457557
0.3884457586457557
0.3095061906144885
0.3884457586457557
0.3684457586457557
0.3722477743339083
0.3784457586457557
0.3684457586457557
0.3784457586457557
0.38224777433390833
0.3884457586457557
0.3884457586457557
0.3884457586457557
0.3884457586457557
0.3884457586457557
0.3884457586457557
0.3884457586457557
0.3884457586457557
0.3884457586457557
0.3884457586457557
0.3884457586457557
0.3884457586457557
0.3595061906144885
0.3884457586457557
0.3884457586457557
0.3884457586457557
0.3884457586457557
0.3884457586457557
0.3884457586457557
0.3884457586457557
0.3884457586457557
0.3884457586457557
0.3884457586457557
0.3884457586457557
0.3884457586457557
0.3884457586457557
0.3784457586457557
0.3884457586457557
0.3884457586457557
0.3884457586457557
0.3884457586457557
0.3884457586457557
0.3884457586457557
0.3884457586457557
0.3884457586457557
0.3884457586457557
0.3884457586457557
0.3884457586457557
0.3784457586457557
0.3884457586457557
0.3884457586457557
0.3884457586457557
0.3884457586457557
0.3884457586457557
0.3884457586457557
0.3884457586457557
0.3784457586457557
0.3884457586457557
0.3784457586457557
0.3784457586457557
0.3884457586457557
0.3884457586457557
0.3784457586457557
0.3884457586457557
0.3884457586457557
0.3884457586457557
0.3884457586457557
0.3884457586457557
0.3884457586457557
0.3884457586457557
0.3884457586457557
0.3884457586457557
0.3884457586457557
0.3884457586457557
0.3884457586457557
0.3884457586457557
0.3884457586457557
0.3884457586457557
0.3784457586457557
0.3884457586457557
0.3884457586457557
0.3884457586457557
0.3884457586457557
0.3884457586457557
0.3884457586457557
0.3884457586457557
0.3884457586457557
0.3884457586457557
0.3884457586457557
0.3884457586457557
0.3884457586457557
0.3884457586457557
0.3884457586457557
0.3884457586457557
0.3884457586457557
0.3884457586457557
0.3884457586457557
0.3884457586457557
0.3884457586457557
0.3884457586457557
0.3884457586457557
0.3884457586457557
0.3884457586457557
0.3884457586457557
0.3884457586457557
0.3884457586457557
0.3884457586457557
0.3884457586457557
0.3884457586457557
0.3884457586457557
0.3884457586457557
0.3884457586457557
0.3884457586457557
0.3884457586457557
0.3884457586457557
0.3884457586457557
0.3884457586457557
0.3884457586457557
0.3884457586457557
0.3884457586457557
0.3884457586457557
0.3884457586457557
0.3884457586457557
0.3884457586457557
0.3884457586457557
0.3784457586457557
0.3884457586457557
0.3884457586457557
0.3884457586457557
0.3884457586457557
0.3884457586457557
0.3884457586457557
0.3884457586457557
0.3884457586457557
0.3884457586457557
0.3884457586457557
0.3884457586457557
0.3884457586457557
0.3884457586457557
0.3884457586457557
0.3884457586457557
0.3884457586457557
0.3884457586457557
0.3884457586457557
0.3884457586457557
0.3884457586457557
0.3884457586457557
0.3884457586457557
0.3884457586457557
0.3884457586457557
0.3884457586457557
0.3884457586457557
0.3884457586457557
0.3884457586457557
0.3884457586457557
0.3884457586457557
0.3884457586457557
0.3884457586457557
0.3884457586457557
0.3884457586457557
0.3884457586457557
0.3884457586457557
0.3884457586457557
0.3884457586457557
0.3784457586457557
0.3884457586457557
0.3884457586457557
0.3884457586457557
0.3884457586457557
0.3884457586457557
0.3884457586457557
0.3884457586457557
0.3884457586457557
0.3884457586457557
0.3884457586457557
0.3884457586457557
0.3884457586457557
0.3884457586457557
0.3884457586457557
0.3884457586457557
0.3884457586457557
0.3884457586457557
0.3884457586457557
0.3884457586457557
0.3884457586457557
0.3884457586457557
0.3884457586457557
0.3884457586457557
0.3884457586457557
0.3884457586457557
0.3884457586457557
0.3884457586457557
0.3884457586457557
0.3884457586457557
0.3884457586457557
0.3884457586457557
0.3884457586457557
0.3884457586457557
0.3884457586457557
0.3884457586457557
0.3884457586457557
0.3884457586457557
0.3884457586457557
0.3884457586457557
0.3884457586457557
0.3884457586457557
0.3884457586457557
0.3884457586457557
0.3884457586457557
0.3884457586457557
0.3884457586457557
0.3884457586457557
0.3884457586457557
0.3884457586457557
0.3884457586457557
0.3884457586457557
0.3884457586457557
0.3784457586457557
0.3884457586457557
0.3884457586457557
0.3884457586457557
0.3884457586457557
0.3884457586457557
0.3884457586457557
0.3884457586457557
0.3884457586457557
0.3884457586457557
0.3884457586457557
0.3884457586457557
0.3884457586457557
0.3884457586457557
0.3884457586457557
0.3884457586457557
0.3884457586457557
0.3884457586457557
0.3884457586457557
0.3884457586457557
0.3884457586457557
0.3784457586457557
0.3884457586457557
0.3884457586457557
0.3884457586457557
0.3884457586457557
0.3884457586457557
0.3884457586457557
0.3884457586457557
0.3884457586457557
0.3884457586457557
0.3884457586457557
0.3884457586457557
0.3884457586457557
0.3884457586457557
0.3884457586457557
0.3884457586457557
0.3784457586457557
0.3884457586457557
0.3884457586457557
0.3884457586457557
0.3884457586457557
0.3884457586457557
0.3884457586457557
0.3884457586457557
0.3884457586457557
0.3884457586457557
0.3884457586457557
0.3884457586457557
0.3884457586457557
0.3884457586457557
0.3884457586457557
0.3884457586457557
0.3884457586457557
0.3884457586457557
0.3884457586457557
0.3884457586457557
0.3884457586457557
0.3884457586457557
0.3884457586457557
0.3884457586457557
0.3884457586457557
0.3884457586457557
0.3884457586457557
0.3884457586457557
0.3884457586457557
0.3884457586457557
0.3884457586457557
0.3884457586457557
0.3884457586457557
0.3884457586457557
0.3884457586457557
0.3884457586457557
0.3884457586457557
0.3884457586457557
0.3884457586457557
0.3884457586457557
0.3884457586457557
0.3884457586457557
0.3884457586457557
0.3884457586457557
0.3884457586457557
0.3884457586457557
0.3884457586457557
0.3884457586457557
0.3884457586457557
0.3884457586457557
0.3884457586457557
0.3884457586457557
0.3884457586457557
0.3884457586457557
0.3884457586457557
0.3884457586457557
0.3884457586457557
0.3884457586457557
0.3884457586457557
0.3884457586457557
0.3884457586457557
0.3884457586457557
0.3884457586457557
0.3884457586457557
0.3884457586457557
0.3884457586457557
0.3884457586457557
0.3884457586457557
0.3884457586457557
0.3884457586457557
0.3884457586457557
0.3884457586457557
0.3884457586457557
0.3884457586457557
0.3884457586457557
0.3884457586457557
0.3884457586457557
0.3884457586457557
0.3884457586457557
0.3884457586457557
0.3884457586457557
0.3884457586457557
0.3884457586457557
0.3884457586457557
0.3884457586457557
0.3884457586457557
0.3884457586457557
0.3884457586457557
0.3784457586457557
0.3884457586457557
0.3884457586457557
0.3884457586457557
0.3884457586457557
0.3884457586457557
0.3884457586457557
0.3884457586457557
0.3884457586457557
0.3884457586457557
0.3884457586457557
0.3884457586457557
0.3884457586457557
0.3884457586457557
0.3884457586457557
0.3884457586457557
0.3884457586457557
0.3884457586457557
0.3884457586457557
0.3884457586457557
0.3884457586457557
0.3884457586457557
0.3884457586457557
0.3884457586457557
0.3884457586457557
0.3884457586457557
0.3884457586457557
0.3884457586457557
0.3884457586457557
0.3884457586457557
0.3884457586457557
0.3884457586457557
0.3884457586457557
0.3884457586457557
0.3884457586457557
0.3884457586457557
0.3884457586457557
0.3884457586457557
0.3884457586457557
0.3884457586457557
0.3884457586457557
0.3884457586457557
0.3884457586457557
0.3884457586457557
0.3884457586457557
0.3884457586457557
0.3884457586457557
0.3884457586457557
0.3884457586457557
0.3884457586457557
0.3884457586457557
0.3884457586457557
0.3884457586457557
0.3884457586457557
0.3884457586457557
0.3884457586457557
0.3884457586457557
0.3884457586457557
0.3884457586457557
0.3884457586457557
0.3884457586457557
0.3884457586457557
0.3884457586457557
0.3884457586457557
0.3884457586457557
0.3884457586457557
0.3884457586457557
0.3884457586457557
0.3884457586457557
0.3884457586457557
0.3884457586457557
0.3884457586457557
0.3884457586457557
0.3884457586457557
0.3884457586457557
0.3884457586457557
0.3884457586457557
0.3884457586457557
0.3884457586457557
0.3884457586457557
0.3884457586457557
0.3884457586457557
0.3884457586457557
0.3884457586457557
0.3884457586457557
0.3884457586457557
0.3884457586457557
0.3884457586457557
0.3884457586457557
0.3884457586457557
0.3884457586457557
0.3884457586457557
0.3884457586457557
0.3884457586457557
0.3884457586457557
0.3884457586457557
0.3884457586457557
0.3884457586457557
0.3884457586457557
0.3884457586457557
0.3884457586457557
0.3884457586457557
0.3884457586457557
0.3884457586457557
0.3884457586457557
0.3884457586457557
0.3884457586457557
0.3884457586457557
0.3884457586457557
0.3884457586457557
0.3884457586457557
0.3884457586457557
0.3884457586457557
0.3884457586457557
0.3884457586457557
0.3884457586457557
0.3884457586457557
0.3884457586457557
0.3884457586457557
0.3884457586457557
0.3884457586457557
0.3884457586457557
0.3784457586457557
0.3884457586457557
0.3884457586457557
0.3884457586457557
0.3884457586457557
0.3884457586457557
0.3884457586457557
0.3884457586457557
0.3884457586457557
0.3884457586457557
0.3884457586457557
0.3884457586457557
0.3884457586457557
0.3884457586457557
0.3884457586457557
0.3784457586457557
0.3884457586457557
0.3884457586457557
0.3884457586457557
0.3884457586457557
0.3884457586457557
0.3884457586457557
0.3884457586457557
0.3884457586457557
0.3884457586457557
0.3884457586457557
0.3884457586457557
0.3884457586457557
0.3884457586457557
0.3884457586457557
0.3884457586457557
0.3884457586457557
0.3884457586457557
0.3884457586457557
0.3884457586457557
0.3884457586457557
0.3884457586457557
0.3884457586457557
0.3884457586457557
0.3884457586457557
0.3884457586457557
0.3884457586457557
0.3884457586457557
0.3884457586457557
0.3884457586457557
0.3884457586457557
0.3884457586457557
0.3884457586457557
0.3884457586457557
0.3884457586457557
0.3884457586457557
0.3884457586457557
0.3884457586457557
0.3884457586457557
0.3884457586457557
0.3884457586457557
0.3884457586457557
0.3884457586457557
0.3884457586457557
0.3884457586457557
0.3884457586457557
0.3884457586457557
0.3884457586457557
0.3884457586457557
0.3884457586457557
0.3884457586457557
0.3884457586457557
0.3884457586457557
0.3884457586457557
0.3884457586457557
0.3884457586457557
0.3884457586457557
0.3884457586457557
0.3884457586457557
0.3884457586457557
0.3884457586457557
0.3884457586457557
0.3884457586457557
0.3884457586457557
0.3884457586457557
0.3884457586457557
0.3884457586457557
0.3884457586457557
0.3884457586457557
0.3884457586457557
0.3884457586457557
0.3884457586457557
0.3884457586457557
0.3884457586457557
0.3884457586457557
0.3884457586457557
0.3884457586457557
0.3884457586457557
0.3884457586457557
0.3884457586457557
0.3884457586457557
0.3884457586457557
0.3884457586457557
0.3884457586457557
0.3884457586457557
0.3884457586457557
0.3884457586457557
0.3884457586457557
0.3884457586457557
0.3884457586457557
0.3884457586457557
0.3884457586457557
0.3884457586457557
0.3884457586457557
0.3884457586457557
0.3884457586457557
0.3884457586457557
0.3884457586457557
0.3884457586457557
0.3884457586457557
0.3884457586457557
0.3884457586457557
0.3884457586457557
0.3884457586457557
0.3884457586457557
0.3884457586457557
0.3884457586457557
0.3884457586457557
0.3884457586457557
0.3884457586457557
0.3884457586457557
0.3884457586457557
0.3884457586457557
0.3884457586457557
0.3884457586457557
0.3884457586457557
0.3884457586457557
0.3884457586457557
0.3884457586457557
0.3884457586457557
0.3884457586457557
0.3884457586457557
0.3884457586457557
0.3884457586457557
0.3884457586457557
0.3884457586457557
0.3884457586457557
0.3884457586457557
0.3884457586457557
0.3884457586457557
0.3884457586457557
0.3884457586457557
0.3884457586457557
0.3884457586457557
0.3884457586457557
0.3884457586457557
0.3884457586457557
0.3884457586457557
0.3884457586457557
0.3884457586457557
0.3884457586457557
0.3884457586457557
0.3884457586457557
0.3884457586457557
0.3884457586457557
0.3884457586457557
0.3884457586457557
0.3884457586457557
0.3884457586457557
0.3884457586457557
0.3884457586457557
0.3884457586457557
0.3884457586457557
0.3884457586457557
0.3884457586457557
0.3884457586457557
0.3884457586457557
0.3884457586457557
0.3884457586457557
0.3884457586457557
0.3884457586457557
0.3884457586457557
0.3884457586457557
0.3884457586457557
0.3884457586457557
0.3884457586457557
0.3884457586457557
0.3884457586457557
0.3884457586457557
0.3884457586457557
0.3884457586457557
0.3884457586457557
0.3884457586457557
0.3884457586457557
0.3884457586457557
0.3884457586457557
0.3884457586457557
0.3884457586457557
0.3884457586457557
0.3884457586457557
0.3884457586457557
0.3884457586457557
0.3884457586457557
0.3884457586457557
0.3884457586457557
0.3884457586457557
0.3884457586457557
0.3884457586457557
0.3884457586457557
0.3884457586457557
0.3884457586457557
0.3884457586457557
0.3884457586457557
0.3884457586457557
0.3884457586457557
0.3884457586457557
0.3884457586457557
0.3884457586457557
0.3884457586457557
0.3884457586457557
0.3884457586457557
0.3884457586457557
0.3884457586457557
0.3884457586457557
0.3884457586457557
0.3884457586457557
0.3884457586457557
0.3884457586457557
0.3884457586457557
0.3884457586457557
0.3884457586457557
0.3684457586457557
0.3884457586457557
0.3884457586457557
0.3884457586457557
0.3884457586457557
0.3884457586457557
0.3884457586457557
0.3784457586457557
0.3884457586457557
0.38950619061448855
0.3095061906144885
0.31769549175144374
0.38224777433390833
0.227449460142305
-0.07869011100763038
-0.20788651967150534
-0.5469790110094267
-0.72231160951291
0.17859145948162886
0.42674635732352095
-0.05138554129659297
-3.0023236935401183
-0.39634342736642375
-1.0483896022713424
-0.28666870819981527
-0.06176377442995431
-1.520445711360964
-0.07370024992341487
-0.2703998480712684
-0.7398772814937079
-0.22702163368136652
-0.2425494997422833
-0.2518950469739461
-0.22836404675377867
-0.7372957662455575
0.26721910181678526
0.3524675577574047
-0.052534057272797856
-0.255101295491106
-0.16
-0.8462494727729241
0.15936106602927236
-0.6074844611057162
-0.9891141235914508
-1.3826977825322548
-0.2221451191222964
0.08090445958032173
-0.7118161250341969
-0.3084329272627754
0.01375617654104413
-0.20241267819756067
0.30776717827512534
-0.21660581808542367
0.2504992711770745
0.1867429573195969
0.157876930404116
-0.07604823293807765
0.30654685895613576
0.31484900503290036
0.35071607017273665
0.17849061346616585
0.3624675577574047
0.3365197081316478
0.2603261455853205
0.3504656454218492
-0.021570522794300842
0.1451623050869324
-0.038483438537166556
0.13236702564296388
0.37879576930140413
0.37033156810986334
0.1261238783754245
0.3571404827844994
0.33340848569047626
0.18092800003469844
0.31801152418992396
0.234448905183345
0.3456167291742609
-0.04459611185704811
0.38344420521257105
0.14473815916095467
0.2555548270926076
-0.10994578023024801
0.3437473869884835
0.3651516436877975
0.29515164368779745
0.27693082279480297
0.21290888251302909
0.16649450548134398
0.37564373910365045
0.2768334113694133
0.2697380359270928
0.17008271844284217
0.39033156810986336
0.36419469296473994
0.2872633918817087
0.3200827184428421
0.17630470143870897
0.3155014234926723
0.3553096046601374
0.43678753338165743
0.4167875333816574
0.446709558168946
0.4167875333816574
0.36960633873169235
0.45002504327548776
0.34678753338165735
0.3524675577574047
0.3624675577574047
0.3638559790106297
0.27246755775740467
0.3117236323491835
0.43678753338165743
0.25693082279480295
0.3967875333816574
0.3417124077384336
0.35696203471165777
0.3889016012145776
0.3817124077384336
0.32541179201244513
0.3992837896997625
0.4237307729022475
0.38033739503405006
0.43088772632916594
0.25847385860407873
0.3789016012145776
0.41717904512551507
0.04307044126179252
0.28008432054628896
0.32890160121457757
0.3789016012145776
0.38216592104110836
0.42890160121457765
0.4069308227948031
0.1216258477105568
0.2385528219776467
0.4292307190623028
0.3569876209474552
0.40375078576764234
-0.2425814406624004
0.32849063759364694
0.37074410095794685
0.43375078576764237
0.40305351557984426
0.3837507857676423
0.17716209993133758
0.3537507857676423
0.43375078576764237
0.3117939987585045
0.19899361126541582
0.4069308227948031
0.43375078576764237
0.16989983321936064
0.42375078576764236
0.38887928823087736
0.42375078576764236
0.32890160121457757
0.44849063759364705
0.41375078576764235
0.4067875333816574
0.408490637593647
0.29890160121457754
0.2684906375936469
0.39375078576764233
0.4171620999313378
0.43375078576764237
0.42375078576764236
0.27809355272080616
0.43375078576764237
0.43375078576764237
0.44849063759364705
0.4244384620979271
0.43375078576764237
0.43088772632916594
0.30890160121457755
0.4244384620979271
0.42365117530064966
0.43375078576764237
0.41136124790146344
0.42375078576764236
0.4244384620979271
0.4244384620979271
0.4244384620979271
0.4244384620979271
0.388490637593647
0.32342110256948153
0.3837507857676423
0.408490637593647
0.4244384620979271
0.4244384620979271
0.4244384620979271
0.29515381130358076
0.4144384620979271
0.4144384620979271
0.3944384620979271
0.4244384620979271
0.4244384620979271
0.4244384620979271
0.4244384620979271
0.4244384620979271
0.4044384620979271
0.4244384620979271
0.40136124790146344
0.3884457586457557
0.3834211025694816
0.31443846209792703
0.3744384620979271
0.4244384620979271
0.304438462097927
0.3884457586457557
0.3884457586457557
0.4244384620979271
0.4244384620979271
0.4244384620979271
0.35443846209792707
0.4244384620979271
0.4244384620979271
0.3884457586457557
0.4244384620979271
0.3944384620979271
0.3884457586457557
0.32443846209792704
0.3784457586457557
0.3838646087174239
0.32443846209792704
0.39162978186726405
0.4044384620979271
0.3844384620979271
0.3744384620979271
0.4244384620979271
0.3884457586457557
0.399642323883143
0.3884457586457557
0.4244384620979271
0.33443846209792705
0.3938646087174239
0.4144384620979271
0.3884457586457557
0.3938646087174239
0.43964232388314306
0.41964232388314304
0.379642323883143
0.39129563360321695
0.4244384620979271
0.399642323883143
0.42849063759364703
0.33964232388314297
0.32964232388314296
0.32964232388314296
0.41964232388314304
0.43964232388314306
0.43895234394005456
0.40964232388314303
0.33964232388314297
0.43964232388314306
