0
0
0.04771039467980609
0
0.1000610225968267
0.5915388801912473
0.6853923892069789
0.6122495699692028
0.002823957793091303
0
0.699559904765041
0.6075387648163348
0.6394800510583116
0.05097483234520939
0.6712482383555187
0.5782269297180804
0.6661050811922429
0.5542965281559689
0.6747709704478151
0.5884846513791286
0.6572747042727161
0.6312229261589213
0.5967875333816576
0.6137816521662722
0.5436742990442482
0.6158151649800201
0.5536342946348478
0.618623848860791
0.6426475111014225
0.6220498175467659
0.6371255752659104
0.5872191018167854
0.5484457586457558
0.5523266708513905
0.6221961611285448
0.6007448445047863
0.5484457586457558
0.6411534161270014
0.5484457586457558
0.5994598741283648
0.601485542836629
0.5777346719827301
0.5872626061570909
0.5996423238831432
0.5524379555065129
0.6338531057765875
0.5484457586457558
0.5948181223649598
0.5523266708513905
0.5777346719827301
0.5484457586457558
0.5765297341301066
0.5994598741283648
0.5996423238831432
0.5844384620979273
0.5844384620979273
0.6318135251529499
0.6186006791386875
0.618623848860791
0.6318135251529499
0.5996423238831432
0.6186006791386875
0.6136999080733376
0.5996423238831432
0.5846978535790572
0.5844384620979273
0.6014240863158623
0.5996423238831432
0.6186236882727449
0.5777346719827301
0.5994598741283648
0.5996423238831432
0.5844384620979273
0.5967875333816576
0.5844384620979273
0.5844384620979273
0.5484457586457558
0.6186006791386875
0.5844384620979273
0.5484457586457558
0.5844384620979273
0.5996423238831432
0.5994598741283648
0.5844384620979273
0.5844384620979273
0.5844384620979273
0.5777346719827301
0.516013596121859
0.5844384620979273
0.5844384620979273
0.5844384620979273
0.5844384620979273
0.5996423238831432
0.5777346719827301
0.5844384620979273
0.5844384620979273
0.5844384620979273
0.5844384620979273
0.5844384620979273
0.5996423238831432
0.5844384620979273
0.5844384620979273
0.5844384620979273
0.5844384620979273
0.5844384620979273
0.5996423238831432
0.5844384620979273
0.5996423238831432
0.5844384620979273
0.5844384620979273
0.5844384620979273
0.5844384620979273
0.5996423238831432
0.5844384620979273
0.5996423238831432
0.5844384620979273
0.5765297341301066
0.5996423238831432
0.5844384620979273
0.5996423238831432
0.5844384620979273
0.5844384620979273
0.5994598741283648
0.5844384620979273
0.5996423238831432
0.5996423238831432
0.5996423238831432
0.5844384620979273
0.5844384620979273
0.5996423238831432
0.5844384620979273
0.5844384620979273
0.5996423238831432
0.618623848860791
0.5996423238831432
0.5996423238831432
0.5996423238831432
0.6136999080733376
0.618623848860791
0.5996423238831432
0.5996423238831432
0.5996423238831432
0.5996423238831432
0.5996423238831432
0.618623848860791
0.5996423238831432
0.5996423238831432
0.5996423238831432
0.5996423238831432
0.5996423238831432
0.6158151649800201
0.5996423238831432
0.6136999080733376
0.5996423238831432
0.5844384620979273
0.6562459515661749
0.618623848860791
0.5996423238831432
0.5996423238831432
0.5996423238831432
0.5844384620979273
0.6318135251529499
0.5996423238831432
0.6136999080733376
0.6136999080733376
0.5996423238831432
0.5996423238831432
0.5996423238831432
0.6136999080733376
0.5996423238831432
0.6003621232093129
0.5844384620979273
0.5996423238831432
0.5844384620979273
0.5765297341301066
0.5996423238831432
0.5989523439400547
0.5996423238831432
0.5996423238831432
0.5996423238831432
0.6136999080733376
0.5844384620979273
0.6136999080733376
0.5996423238831432
0.5996423238831432
0.5996423238831432
0.5996423238831432
0.5996423238831432
0.5996423238831432
0.5996423238831432
0.5996423238831432
0.6136999080733376
0.5996423238831432
0.5996423238831432
0.5996423238831432
0.6158151649800201
0.6158151649800201
0.6158151649800201
0.5996423238831432
0.5996423238831432
0.6132468256493646
0.6136999080733376
0.6136999080733376
0.5996423238831432
0.5996423238831432
0.5996423238831432
0.5996423238831432
0.5996423238831432
0.5996423238831432
0.6158151649800201
0.6688268521819449
0.6136999080733376
0.6158151649800201
0.6136999080733376
0.6136999080733376
0.6136999080733376
0.6136999080733376
0.6136999080733376
0.5996423238831432
0.5996423238831432
0.6158151649800201
0.6136999080733376
0.6562459515661749
0.6136999080733376
0.6136999080733376
0.6136999080733376
0.6158151649800201
0.5996423238831432
0.6562459515661749
0.6136999080733376
0.6136999080733376
0.5844384620979273
0.5996423238831432
0.5996423238831432
0.6136999080733376
0.5996423238831432
0.6136999080733376
0.5844384620979273
0.6158151649800201
0.6136999080733376
0.6136999080733376
0.6158151649800201
0.6136999080733376
0.6158151649800201
0.5844384620979273
0.5844384620979273
0.5996423238831432
0.6562459515661749
0.5844384620979273
0.5777346719827301
0.5844384620979273
0.5996423238831432
0.5844384620979273
0.5844384620979273
0.5996423238831432
0.5844384620979273
0.6562459515661749
0.6158151649800201
0.618623848860791
0.5844384620979273
0.6158151649800201
0.6136999080733376
0.6562459515661749
0.5777346719827301
0.5996423238831432
0.5844384620979273
0.5484457586457558
0.5844384620979273
0.5484457586457558
0.5777346719827301
0.5844384620979273
0.5777346719827301
0.5844384620979273
0.5777346719827301
0.5844384620979273
0.5844384620979273
0.5777346719827301
0.5844384620979273
0.5844384620979273
0.5777346719827301
0.5844384620979273
0.5844384620979273
0.5844384620979273
0.5484457586457558
0.5844384620979273
0.5996423238831432
0.6221961611285448
0.6221961611285448
0.5844384620979273
0.6382879704722682
0.5996423238831432
0.6562459515661749
0.6562459515661749
0.6562459515661749
0.6382879704722682
0.6221961611285448
0.6562459515661749
0.6221961611285448
0.6562459515661749
0.6562459515661749
0.6562459515661749
0.6688268521819449
0.6562459515661749
0.6688268521819449
0.6562459515661749
0.6562459515661749
0.6558392136912504
0.6562459515661749
0.6562459515661749
0.5844384620979273
0.6688268521819449
0.6562459515661749
0.6136999080733376
0.6562459515661749
0.6562459515661749
0.6562459515661749
0.5996423238831432
0.6562459515661749
0.6562459515661749
0.6562459515661749
0.6562459515661749
0.6562459515661749
0.6562459515661749
0.6562459515661749
0.6562459515661749
0.6562459515661749
0.6562459515661749
0.6221961611285448
0.6562459515661749
0.5989523439400547
0.6562459515661749
0.5777346719827301
0.6562459515661749
0.6562459515661749
0.6562459515661749
0.5996423238831432
0.6562459515661749
0.6562459515661749
0.6221961611285448
0.6562459515661749
0.6562459515661749
0.6562459515661749
0.5915100046712521
0.6562459515661749
0.6562459515661749
0.6562459515661749
0.5996423238831432
0.6562459515661749
0.6562459515661749
0.6562459515661749
0.6562459515661749
0.5915100046712521
0.6562459515661749
0.6562459515661749
0.6562459515661749
0.6562459515661749
0.6562459515661749
0.5996423238831432
0.6562459515661749
0.6562459515661749
0.6562459515661749
0.6562459515661749
0.6562459515661749
0.6562459515661749
0.6562459515661749
0.6562459515661749
0.6562459515661749
0.6562459515661749
0.6562459515661749
0.6562459515661749
0.6562459515661749
0.6562459515661749
0.6562459515661749
0.6562459515661749
0.6562459515661749
0.6562459515661749
0.6562459515661749
0.6562459515661749
0.6562459515661749
0.6562459515661749
0.6562459515661749
0.6562459515661749
0.6688268521819449
0.6562459515661749
0.6562459515661749
0.6562459515661749
0.6562459515661749
0.6562459515661749
0.6562459515661749
0.6562459515661749
0.6562459515661749
0.6562459515661749
0.6562459515661749
0.6562459515661749
0.6562459515661749
0.6562459515661749
0.6562459515661749
0.6562459515661749
0.6562459515661749
0.6562459515661749
0.6562459515661749
0.6562459515661749
0.6562459515661749
0.6688268521819449
0.6562459515661749
0.6562459515661749
0.6562459515661749
0.6562459515661749
0.6562459515661749
0.6562459515661749
0.6562459515661749
0.6562459515661749
0.6562459515661749
0.6562459515661749
0.6562459515661749
0.6562459515661749
0.6562459515661749
0.6562459515661749
0.6562459515661749
0.6562459515661749
0.6562459515661749
0.6562459515661749
0.6562459515661749
0.6562459515661749
0.6562459515661749
0.6562459515661749
0.6562459515661749
0.6382879704722682
0.6562459515661749
0.6562459515661749
0.6562459515661749
0.6562459515661749
0.6562459515661749
0.6562459515661749
0.6562459515661749
0.6562459515661749
0.6562459515661749
0.6562459515661749
0.6562459515661749
0.6562459515661749
0.6562459515661749
0.6562459515661749
0.6562459515661749
0.6562459515661749
0.6562459515661749
0.6562459515661749
0.6562459515661749
0.6562459515661749
0.6562459515661749
0.6562459515661749
0.6562459515661749
0.6562459515661749
0.6562459515661749
0.6562459515661749
0.6562459515661749
0.6562459515661749
0.6562459515661749
0.6562459515661749
0.6562459515661749
0.6562459515661749
0.6562459515661749
0.6562459515661749
0.6562459515661749
0.6562459515661749
0.6562459515661749
0.6562459515661749
0.6562459515661749
0.6562459515661749
0.6562459515661749
0.6562459515661749
0.6562459515661749
0.6562459515661749
0.6562459515661749
0.6562459515661749
0.6562459515661749
0.6562459515661749
0.6562459515661749
0.6562459515661749
0.6562459515661749
0.6562459515661749
0.6562459515661749
0.6562459515661749
0.6562459515661749
0.6562459515661749
0.6562459515661749
0.6562459515661749
0.6562459515661749
0.6562459515661749
0.6562459515661749
0.6562459515661749
0.6562459515661749
0.6562459515661749
0.6562459515661749
0.6562459515661749
0.6562459515661749
0.6562459515661749
0.6562459515661749
0.6562459515661749
0.6562459515661749
0.6562459515661749
