0.10912790757523805
0.6798080288432415
0.689039453778033
0.2310636466333349
0.5443299018170801
0.5071752820597526
0.6249835513555955
0.36773179314066007
0.6202153761476625
0.7076147676397796
0.16314583540656735
0.6178260018426858
0.19025303846159014
0.48690571320065146
0.6654557626043927
0.6786597376820158
0.4812576923255737
0.6650850911333519
0.49928551970126656
0.6146017462505449
0.5593168586335855
-0.06664335628636464
0.437776536673707
0.04514414884506335
-0.045732028419322335
0.0336335438210833
0.5586019031631774
0.3009202623351509
0.1802778722842674
0.46276635615532613
0.6165785866272695
0.5370724749789172
0.6127487826354809
0.3812714245974441
0.4711754790936995
0.10465846855710059
0.6439937145301864
0.6260232945979067
0.6235802711158833
0.49840444210682666
0.5513427889646516
0.42186359746798996
0.01696871011844414
0.6298115886521922
0.03997691936875902
-0.008356933245196485
0.11867774080521887
0.46505228400535736
0.09461688930268641
0.7030695171492759
0.07992769978679415
0.5440768651286285
0.07000873745284752
0.6080721406349503
0.5378745477685012
0.37290834641173876
0.5701727049563958
0.6257232042492389
0.6190370049969416
0.217479427563684
0.6419139653532581
0.565495208186575
0.5097279117132322
-0.003643122401905119
0.07241157148986532
0.5950512803724333
0.6635340331289528
0.19342708074561377
0.37232667563045985
0.4701221138924533
-0.039136213990641266
0.6311606046945785
0.014588313827453736
0.6439403372443455
0.306884916286681
0.5993223384378132
0.6829033035917853
-0.02412131815594698
0.487264571318047
0.6837146411870252
0.6504337302686163
0.671684353310546
0.5818176540937151
0.07125578060266358
0.6969288043107105
0.678178275914135
0.5524187457612779
-0.05304586498961683
0.6549160138656781
0.021604820567070915
0.7130689636411374
0.6614702050607286
0.4902385176456462
0.5597912835820784
0.6201577315606359
0.5961962330681535
0.6842246521874529
0.645684764730529
0.5928151986144004
0.6542186521750307
0.6131259052496933
0.5778810429272115
0.5271166108820349
0.7169239475881646
0.5791487858270128
0.5166368562413448
0.3198231999164155
0.050132106725605974
0.34734432350873845
0.021431312382094947
0.6024061647931253
0.5708349165379001
0.4571705677356943
-0.0025169415538641715
-0.11176180578121375
-0.02434685767504985
0.6766217635900922
0.6186577280261261
0.6220647418255946
0.33589821309861334
0.6581647209110346
0.12021365879329993
0.6496631993944326
0.6455008823550401
0.08990914050834797
0.7341607798976673
0.59861667061148
0.14092449144161423
0.6366088556055195
0.1455469112349489
0.28067599907553187
0.0563216816345351
0.6598916424670891
0.030754100131702433
0.6143527659182212
0.02327326093647164
0.6193526111277989
0.6316682812161358
0.67869253709051
-0.026242584867793184
0.6841275543191501
-0.011090561414213385
0.24141953317382803
0.11888232066999882
0.5177731378080737
0.725646804677165
0.7262975151629676
0.37339507372608094
0.4031647826861431
0.5845227873432268
0.6936583279789561
0.5698802743896021
0.5106395284623039
-0.001046710607363499
0.6697443718752112
0.7056775900701082
0.6276291325032582
0.7123333294588889
0.10376831895772409
0.06276887006919563
0.6916582254247041
0.27433381226079634
0.6720229718251449
0.08734093929490194
0.6778178537476444
0.6267532702994338
0.3961044660792462
0.032426131688163884
0.5901151983005557
0.6385704435885421
0.6448811751622786
-0.007052375888720874
0.39023990770786054
0.6684408104762884
0.5541262397927946
0.6679399595567488
0.6379313955007526
0.6082645441127883
0.4682996049827818
0.06340949022475217
0.06674398148174732
0.09462964491452841
0.6651090047612938
0.0986152305263015
0.4380011565200185
0.6969618940755875
0.6635257222743971
0.4023064305762649
0.59874192983787
0.6647139440246235
-0.004383404415897241
0.5843441442238972
0.054807236940703996
0.5899716558718653
0.6825410349928093
0.5098548327835533
0.02585081746395035
0.664387827858756
0.6438115205499481
0.7048727196005495
0.5214927143779666
0.43898023818804466
0.6282253413523019
-0.180512520692224
0.23326255283479314
0.590175401300143
-0.006783913188469937
0.04082488751133706
0.5068952147055169
0.5785130110884323
0.3799565537858053
0.06292597099331865
0.6137367673718919
0.159727528672315
0.6421768819391117
0.6991079756022738
0.019113950102388144
0.48271765757702534
0.5053813489443999
0.5872611737032647
0.7237464084041618
0.5847656599199216
0.5763092309395224
0.48524999169733873
0.5096680797419118
0.6019783644620684
0.4715638697210277
0.6434149576596686
0.5374615769994374
0.5490917767560776
0.5259618104681474
0.0029703099118529863
0.5391975049363315
0.6654272964824428
0.6430163876351902
0.5183904882874759
0.613362081045743
0.31959399869045557
0.6704604806892879
0.5517291212319708
0.00160786561143611
0.7066020494762068
0.6281095178578033
0.548908274268733
0.21983957544522115
-0.024609578464608095
0.34685087561534833
0.614693531034967
0.01830947008512962
-0.010286217449997359
-0.03284566027135316
0.052888955049961384
0.3957838146176438
0.6622373756092752
0.36366759731377885
0.5519625571795386
0.4711641059841585
0.5618043420149483
0.6641450796182206
0.10966004950334596
0.06769062607375276
0.5388766568902621
0.4757368976706303
0.6455688294997548
0.4909352526846824
-0.022017137329437775
-0.09844911249694244
0.7035070561328493
0.5508450173199626
0.5658994847301337
0.5974252517103371
0.6314639438850634
0.030616355596102096
0.6533103545245205
0.4999168470042984
0.45456290043885084
0.5306721396636199
-0.01139865537578899
0.5321451276107421
0.6822933147002426
0.6255082463897913
0.5953112044740664
0.632728745192501
0.4812272204584487
0.06901875752795694
0.0944523318787962
0.527807436895753
-0.008279819659753551
0.571762742562931
0.7077291654750542
0.29639161744839515
0.018487239647420717
0.5430754125067239
0.3964778086650781
0.6533380182482618
0.5433071125215704
0.6414152813793761
0.4240027363029364
0.054892177462932845
0.32095928579809974
0.623619163517586
-0.006029138093369246
0.679043323513603
0.6118720726688904
0.09405990046586399
0.6215423776956793
-0.03584216148657049
0.013542695570401109
0.4917142866081443
-0.06012545175045547
0.6890171695285499
0.6053830681676554
-0.025984644014376945
-0.02285784726036999
0.24331714585918973
0.1380103723193784
-0.031833188376068744
0.4230106653634027
0.4311996885300674
0.5714239432347399
0.036248217291960816
0.5230613480812517
0.5063007988499609
0.3083133970530265
0.7136806767360029
-0.001323574710546227
0.4209988214610638
-0.053202706325770066
-0.005440576844557565
0.6584056731227534
0.5078492271683805
0.33756976137676076
0.26373297817906227
0.033552069185944666
-0.011694622020902212
0.05946300390484849
0.6382973611184954
0.6582865504488666
0.0528782434326841
0.014797260554211378
0.10967725713669507
0.4647019427990937
0.27966030307504963
0.49060965178842875
0.7061948419111799
0.6046370847562933
0.5599673534705543
0.06435440323485164
0.012638539949148764
0.6626859099986235
0.6710722232492603
0.7229072745204106
0.04041150596377141
0.037747622811380444
0.5797133107343984
0.6794076405661084
0.5844457414634784
0.7036858002644342
0.7289272394877886
0.4595768095336935
0.5857899698687042
0.5661843837920602
0.0889348047681564
0.5366656740406717
0.5805613817070963
0.05544490129444113
-0.000324912577829517
0.6442578478714276
0.48444528042863677
0.014863105243995256
0.02880615913296347
0.5467191971652836
0.4453075071267595
0.5057137269715783
0.5932513717271863
0.5924204877335804
0.6515615949208284
0.6174223199381412
0.34517630194688365
0.6442535287223147
0.5293043531803827
-0.03887879288534224
0.5868559571579559
0.26998942463706843
0.07495659402106758
0.6288988551576153
0.6747572866012024
0.19330991785955387
0.4770161709648749
0.6435912615505752
0.5793996393586682
0.6400486783659239
0.6806597106276446
0.6828896609453706
0.6061458663871082
0.47110566725966896
-0.03271198390509378
0.6382324373257743
0.6642097857764302
0.5742077949050917
0.5080693786565096
0.644755058210536
0.6214553525174022
0.6623027806765027
0.1019808041888387
0.5252123827378241
0.6286595786219045
0.5717664096664057
0.7046626204669989
0.6133425807997204
0.17844133511371474
0.6597036827500025
0.7040023149922147
0.05522587818907987
0.5694502558328458
0.5444040925248077
0.5254670632991503
0.5898405489286292
0.591857769744716
-0.03519456766280604
-0.0770795861423923
0.6040409216331621
0.3935541062090232
-0.005113994697119706
-0.0346648838547734
0.005258421417254633
0.435840789924699
0.594050639834727
0.5996544234715746
0.6945697533832911
0.6544078244047364
0.6559057625192046
0.16771098452137867
0.1726297386373441
0.5233366145075553
0.6139801540464858
0.6286994020538941
-0.007270469774572685
0.5072932732788461
0.4889753039898985
0.6342450670371317
0.44196114848786094
0.655557858342646
0.6041830817002436
0.049674035915066694
0.592010946602025
-0.03411173683142921
0.2199574947808548
-0.09354508946114448
0.5188861202716215
0.6138988460458137
0.6588330536486089
0.7292134171438359
0.5135108407323448
0.668565747950569
0.13569262548035765
0.6798096561105355
0.6173714639390115
-0.062856219239388
0.5024502731519833
0.6129963985461871
0.11862818289553911
-0.10083427206592188
0.5689340631955568
0.04272106166964629
0.6420303753589978
0.03697709591604503
0.0343483116207578
0.11552537853387046
0.5342963239584411
0.10206013323210428
0.6453417265848023
-0.029267218831893205
0.24480433582423677
0.5966095778657612
0.6117431749675069
0.03401854022205142
0.6102613745474914
0.6768289306104338
0.4408656744007109
0.42124568309767363
-0.010879913387026097
0.5832873350173471
0.027928738299268674
0.7266747751561166
0.6813241169802178
0.6320457999776494
0.09400870949174311
0.09021063768243898
0.1561742653195728
0.5500463323748177
-0.06522660890324006
0.13700068232822693
0.6670437452604158
-0.05116116716665786
0.5467375273879795
-0.09072503350343086
0.4552963207067141
0.06437102726765509
0.3950511161187207
