0.04557797504467642
-0.003986772001574934
0.6853979025208863
0.15892495952918984
0.5442672741665957
0.5071752820597526
0.5812793360140351
0.36772438972202626
-0.08441951572942341
0.6831591815141742
0.16166870691406088
0.6158587876220605
0.06919726605607379
0.4792272892952144
0.5900642598748973
0.6371022787550172
0.4484608582834051
0.6645349575846524
0.43823061211183323
0.6129980207986501
0.5593168586335855
-0.06710828812650615
0.437776536673707
0.04514414884506335
-0.04586425074443534
0.009664087986205772
0.5517486292075144
0.2796957608822195
0.1802778722842674
0.46198201329605204
0.6136402922649836
0.5370724749789172
0.6127487826354809
0.3812714245974441
0.4711754790936995
0.10465846855710059
0.6439937145301864
0.6260232945979067
0.6235802711158833
0.49840444210682666
0.5353400268385935
0.42186359746798996
0.01696871011844414
0.6027222863223807
-0.006009585288597519
-0.008356933245196485
0.11867774080521887
0.46505228400535736
0.09461688930268641
0.7030695171492759
0.07992769978679415
0.4990972183005282
0.07000873745284752
0.6080721406349503
0.5378745477685012
0.37290834641173876
0.5680004986139713
0.6256133132796128
0.6190370049969416
0.217479427563684
0.6214203663273754
0.5433565698464792
0.5097279117132322
-0.003643122401905119
0.07014855310763357
0.5950512803724333
0.6634639057283795
0.19342708074561377
0.37232667563045985
0.4696755936331012
-0.039136213990641266
0.6311606046945785
0.014588313827453736
0.6360562330771105
0.306884916286681
0.5993223384378132
0.6771382908531451
-0.02412131815594698
0.487264571318047
0.6496971250111142
0.6297758979083476
0.6708628372568302
0.566504175448242
0.06837632136672855
0.6969288043107105
0.6777305238992819
0.49587150324228657
-0.05304586498961683
0.6549160138656781
-0.019775734823682667
0.5962326664007292
0.6609385276197238
0.4902385176456462
0.5597912835820784
0.6201577315606359
0.5801633997751743
0.6497910425125989
0.6398208265717231
0.5928151986144004
0.6542097314158054
0.5927737283267285
0.568866091775909
0.5271166108820349
0.7164116353565664
0.5791487858270128
0.5162779301073261
0.28418577829209035
-0.012819106629274213
0.34734432350873845
-0.0319093594955524
0.6024061647931253
0.5708349165379001
0.4571705677356943
-0.0026523087109011634
-0.11176180578121375
-0.05554044856928031
0.6761548990068926
0.6186577280261261
0.6206121471126793
0.29494296299752965
0.6532590196203211
0.12021365879329993
0.6496631993944326
0.6455008823550401
0.08990914050834797
0.6605679933156706
0.59861667061148
0.14092449144161423
0.6364395048544056
0.1455469112349489
0.28067599907553187
0.0563216816345351
0.6598916424670891
0.030754100131702433
0.6143527659182212
0.02327326093647164
0.6193526111277989
0.6291809534747006
0.67869253709051
-0.026242584867793184
0.6841275543191501
-0.011090561414213385
0.24141688444392495
0.11888232066999882
0.5172613280232268
0.725632746546219
0.7262975151629676
0.37339507372608094
0.4031647826861431
0.5840055966288509
0.6936073642798489
0.5698802743896021
0.5106395284623039
-0.001046710607363499
0.6610191204322577
0.7056775900701082
0.6276291325032582
0.7123333294588889
0.10376831895772409
0.06276887006919563
0.6913446950675832
0.27433381226079634
0.6720229718251449
0.08734093929490194
0.6778178537476444
0.6267532702994338
0.3961044660792462
0.032426131688163884
0.5897477060288348
0.6385704435885421
0.6223053359292985
-0.007052375888720874
0.39023990770786054
0.6684408104762884
0.5541262397927946
0.6679399595567488
0.6359882604647316
0.6082645441127883
0.4682996049827818
0.06340949022475217
0.06674398148174732
0.09462964491452841
0.6495177738131019
0.0986152305263015
0.4380011565200185
0.6969618940755875
0.6464140068548798
0.4023064305762649
0.59874192983787
0.6647139440246235
-0.004383404415897241
0.5821205759935815
0.054807236940703996
0.5696273061656156
0.6825410349928093
0.5098548327835533
0.02585081746395035
0.664387827858756
0.6438115205499481
0.6768901494405005
0.5214927143779666
0.43898023818804466
0.6282253413523019
-0.180512520692224
0.23326255283479314
0.590175401300143
-0.0081926313587386
0.04082488751133706
0.5068952147055169
0.5785130110884323
0.3799565537858053
0.06292597099331865
0.5792232404545976
0.159727528672315
0.6421768819391117
0.6991079756022738
0.019113950102388144
0.4657025085471229
0.49351489197213416
0.5643216281518157
0.7237464084041618
0.5847656599199216
0.5763092309395224
0.46810205638698954
0.5096680797419118
0.6019783644620684
0.4715638697210277
0.6051460128542329
0.5341128397498336
0.5490917767560776
0.5259618104681474
0.0029703099118529863
0.5391975049363315
0.6654272964824428
0.6430163876351902
0.5183904882874759
0.613362081045743
0.31959399869045557
0.6704604806892879
0.5517291212319708
0.00160786561143611
0.7066020494762068
0.6281095178578033
0.5329405972410475
0.21983957544522115
-0.024609578464608095
0.34685087561534833
0.5472443230697158
0.01830947008512962
-0.010286217449997359
-0.03284566027135316
0.052888955049961384
0.3957838146176438
0.657112906503301
0.36366759731377885
0.5236384207964095
0.4711641059841585
0.5618043420149483
0.624374540218427
0.10844710877157426
0.06769062607375276
0.5388766568902621
0.4757368976706303
0.6455688294997548
0.4909352526846824
-0.022017137329437775
-0.09844911249694244
0.7035070561328493
0.5292934487043279
0.5658994847301337
0.5974252517103371
0.6048125297663836
0.030616355596102096
0.6450353037121083
0.4999168470042984
0.45456290043885084
0.5057647122391022
-0.01139865537578899
0.5314952717514179
0.6749482245742476
0.6255082463897913
0.5953112044740664
0.632728745192501
0.4812272204584487
0.06901875752795694
0.0912959988710339
0.527807436895753
-0.008279819659753551
0.571762742562931
0.7077291654750542
0.29639161744839515
0.018487239647420717
0.5430754125067239
0.3964778086650781
0.6528188174094327
0.5433071125215704
0.6414152813793761
0.4240027363029364
0.054892177462932845
0.32095928579809974
0.623619163517586
-0.006682006334354451
0.679043323513603
0.6103090019138819
0.09405990046586399
0.6215423776956793
-0.03584216148657049
0.013542695570401109
0.4917142866081443
-0.08630443035845392
0.6890171695285499
0.6053830681676554
-0.025984644014376945
-0.02285784726036999
0.24331714585918973
0.1380103723193784
-0.031833188376068744
0.4230106653634027
0.4311996885300674
0.5714239432347399
0.03125456588607256
0.5230613480812517
0.5063007988499609
0.3083133970530265
0.7136806767360029
-0.001323574710546227
0.4209988214610638
-0.053202706325770066
-0.005440576844557565
0.6584056731227534
0.5078492271683805
0.33756976137676076
0.26373297817906227
0.033552069185944666
-0.011694622020902212
0.05946300390484849
0.6382973611184954
0.6582865504488666
0.0528782434326841
0.014797260554211378
0.10967725713669507
0.4647019427990937
0.27966030307504963
0.49060965178842875
0.7061948419111799
0.5643415088346675
0.5599673534705543
0.0252594578538875
0.012638539949148764
0.6626859099986235
0.6396822583193704
0.7229072745204106
0.04041150596377141
0.037747622811380444
0.5797133107343984
0.6794076405661084
0.5544898102615801
0.7036858002644342
0.7289272394877886
0.4595768095336935
0.5857899698687042
0.5661843837920602
0.0889348047681564
0.5366656740406717
0.5805613817070963
0.05544490129444113
-0.000324912577829517
0.6442578478714276
0.48444528042863677
0.014863105243995256
0.02880615913296347
0.5393252389246574
0.4453075071267595
0.4805745574083725
0.5713450966705274
0.5901356554638516
0.641711602304468
0.6174223199381412
0.34492030593910183
0.6408729099634867
0.5293043531803827
-0.03887879288534224
0.5856458114181011
0.26998942463706843
0.0722043437794403
0.6288988551576153
0.6545536480108078
0.19330991785955387
0.4770161709648749
0.6193300254305121
0.5749409334309723
0.6362796850602428
0.6724928954866793
0.5634344820255953
0.6033357021713266
0.47076713745779397
-0.03420513961314686
0.6382324373257743
0.6076389293266496
0.5330795423697475
0.5077355828221712
0.5873674114816609
0.5863280494213365
0.659608451806965
0.10170986830141138
0.5251587167670464
0.6282508854800163
0.527857833911755
0.7039355326517519
0.5870046459109945
0.17844133511371474
0.6363986204468466
0.12615920255244895
0.0540321869620618
0.559348012965516
0.5437865041001066
0.5254178402949492
0.5895771212399785
0.5917136114798793
-0.03519456766280604
-0.0770795861423923
0.6040409216331621
0.3935541062090232
-0.005113994697119706
-0.0346648838547734
0.00398684402640781
0.435840789924699
0.5940466604118642
0.599644947398484
0.6945697533832911
0.6539881321394163
0.6559015473255967
0.16771098452137867
0.17124009703021137
0.5232987984244781
0.6139801540464858
0.6286647702817314
-0.007324164031445424
0.5072872626934615
0.48598381717687233
0.633960505651348
0.3921717929150338
0.655557858342646
0.5989942734546356
0.049674035915066694
0.5919643653871873
-0.044228065003760975
0.2199574947808548
-0.09354508946114448
0.5177694610457451
0.6138420612558173
0.6588330536486089
0.729212948915154
0.5109685976224816
0.668565747950569
0.13569262548035765
0.6798096561105355
0.6173605275621189
-0.062856219239388
0.5024502731519833
0.6129425440880598
0.11523721254216457
-0.10083427206592188
0.5689340631955568
0.04272106166964629
0.6420303753589978
0.03697709591604503
0.0343483116207578
0.11233507768395434
0.5342963239584411
0.10086139119930526
0.6453417265848023
-0.02936703436120447
0.24480433582423677
0.5966095778657612
0.6117431749675069
0.03401854022205142
0.6102613745474914
0.6768289306104338
0.4408656744007109
0.42124568309767363
-0.011165606809918405
0.5811745060924778
0.027923347842062074
0.7258195728379467
0.6806227944503644
0.6320457999776494
0.09400870949174311
0.09021063768243898
0.13146516630200844
0.5500463323748177
-0.06522660890324006
0.13700068232822693
0.6670437452604158
-0.05116116716665786
0.5436261305002723
-0.09072503350343086
0.4552963207067141
0.06437102726765509
0.3805149719010791
