24 44 28 54 24 20 39 36 59 21 40 5 50 7 41 19 54 44 34 45 33 19 11 14 58 59 0 1 0 1 1 0 0 0 0 1 0 0 0
4 34 28 31 1 51 6 36 16 47 39 40 46 53 6 37 4 4 9 24 30 40 13 38 41 11 1 0 0 1 0 1 0 0 1 0 0 1 1
20 18 52 8 10 53 46 28 4 46 22 35 52 14 9 32 21 35 41 7 1 17 12 52 0 18 0 0 0 1 1 0 1 1 1 1 1 1 0
4 31 57 30 31 4 36 37 24 56 15 2 28 55 38 37 42 12 21 55 1 12 6 54 59 4 1 0 1 0 0 1 0 1 1 1 0 1 1
42 43 7 45 54 20 37 48 32 7 16 18 2 14 32 13 23 18 8 10 56 34 7 4 51 14 0 1 0 1 0 1 0 0 1 1 1 1 1
60 36 13 3 34 25 10 42 5 54 2 53 50 59 30 8 27 36 21 46 46 43 23 43 16 39 0 0 0 1 0 1 1 0 0 0 0 1 0
39 47 60 1 20 22 42 31 26 33 3 39 35 60 13 25 25 35 31 24 48 36 19 16 9 7 1 0 1 1 1 1 1 0 1 1 0 0 0
55 43 53 0 35 5 47 32 14 39 4 14 58 7 10 38 50 40 20 34 54 37 26 11 35 22 0 1 1 0 1 1 0 0 0 1 1 1 0
46 8 57 4 31 7 4 10 54 54 40 35 37 12 15 26 46 38 56 28 19 55 51 17 29 13 1 1 1 0 0 0 0 1 1 1 1 0 0
9 32 22 60 60 28 8 3 10 4 40 2 16 24 12 7 16 6 10 23 21 9 34 15 41 13 0 1 1 0 1 1 1 1 1 1 1 0 0
7 16 27 1 39 8 32 9 27 30 11 22 32 39 41 26 30 60 58 42 35 28 11 28 48 40 0 0 0 0 0 0 0 1 0 1 1 1 0
47 59 21 48 17 46 6 47 37 5 22 12 54 57 50 37 53 27 55 9 3 6 41 51 31 28 0 0 1 0 0 0 1 0 0 1 1 1 1
11 56 30 42 37 31 53 11 32 53 15 2 34 53 0 8 21 24 19 36 39 25 9 22 42 38 0 1 1 1 0 1 0 0 0 0 1 0 0
19 22 53 26 20 20 24 50 43 41 52 14 14 32 15 5 21 41 53 59 34 7 41 33 46 60 0 0 1 0 0 1 0 1 1 1 1 1 1
44 57 57 15 59 41 34 9 28 45 43 8 25 55 44 24 25 21 10 57 39 38 6 20 53 9 0 0 0 1 0 1 1 1 0 1 1 0 0
56 10 13 50 8 59 9 29 20 43 14 27 25 16 0 7 51 20 4 33 46 14 41 30 38 35 1 1 1 0 0 1 1 1 1 1 1 1 1
15 27 4 24 28 38 24 55 25 59 45 34 59 19 5 49 43 45 40 58 48 25 17 19 23 12 0 1 1 0 0 1 0 1 1 1 1 1 1
1 22 14 45 10 20 33 35 12 22 50 13 13 40 49 37 35 48 5 44 14 23 16 5 19 49 1 1 0 1 0 1 1 0 1 0 1 0 0
50 48 47 58 48 21 60 25 30 23 9 53 33 44 36 22 46 2 22 57 40 29 7 20 37 28 1 1 0 1 1 1 0 0 1 1 1 0 0
22 22 39 42 25 27 30 39 51 35 5 6 19 54 19 23 14 46 60 7 14 26 46 28 42 20 0 0 0 1 1 1 1 0 1 1 0 0 1
31 7 11 22 36 16 4 58 13 2 25 39 8 60 52 18 32 40 14 30 18 5 25 34 17 27 1 0 0 0 0 1 1 1 1 1 0 0 0
10 59 52 45 26 21 51 17 31 28 8 54 19 1 27 29 55 46 13 36 23 19 17 6 11 44 1 0 1 0 1 1 0 1 0 0 1 1 0
57 57 57 8 49 53 36 32 1 36 3 48 31 38 46 20 45 0 27 9 23 7 30 52 41 52 0 1 0 1 1 1 0 1 1 1 1 0 1
15 6 49 39 35 19 52 39 36 57 43 56 22 26 9 3 53 51 38 51 7 38 45 3 13 47 1 1 0 0 0 1 0 0 0 0 0 1 1
23 24 27 52 52 33 51 27 48 59 29 30 49 20 46 41 5 24 44 24 45 0 24 51 3 52 1 0 0 0 1 1 0 0 0 0 1 0 0
7 39 55 52 36 18 10 9 24 6 23 34 37 38 24 27 55 50 32 43 32 3 32 24 17 18 1 1 1 0 1 1 0 0 0 1 0 0 0
16 9 2 38 56 45 13 48 43 49 53 22 23 1 16 27 17 50 26 38 54 50 40 18 43 13 1 0 1 0 1 1 1 1 1 1 0 1 1
51 6 38 26 29 60 34 19 22 32 34 19 43 31 58 18 46 54 49 8 10 32 35 27 39 41 1 1 1 0 1 1 0 0 1 1 1 0 0
31 21 3 48 54 59 19 42 6 23 9 24 4 35 54 12 45 25 56 35 0 10 8 49 3 17 1 0 0 0 0 1 0 1 1 0 1 0 1
51 36 25 11 39 18 22 14 34 13 6 49 28 4 16 9 31 39 19 3 20 40 3 23 50 43 1 1 1 1 0 1 1 0 0 0 0 0 0
38 22 42 16 17 22 49 27 15 3 37 5 51 8 27 1 0 56 18 10 14 53 13 22 15 25 0 0 0 0 0 1 1 1 1 0 0 0 1
41 4 60 58 44 8 20 31 19 40 26 21 49 52 5 48 6 28 35 51 34 31 55 34 49 13 0 1 0 0 0 1 1 0 0 1 1 0 0
2 51 18 14 53 45 12 5 53 4 7 17 41 44 41 32 45 30 12 33 58 16 39 34 56 54 0 0 1 1 0 1 1 1 1 0 0 0 1
34 21 7 58 56 28 51 47 51 32 55 46 43 36 17 30 56 52 10 51 48 35 21 53 25 28 0 1 0 1 0 1 0 0 0 0 1 1 1
56 40 19 23 3 29 48 22 2 38 18 53 17 16 23 31 47 17 48 45 22 21 47 2 53 51 0 0 0 0 0 1 0 1 0 1 0 1 0
34 55 27 16 4 23 15 27 27 49 57 4 35 38 42 58 25 41 35 13 6 25 34 35 15 51 1 1 1 0 0 1 0 1 0 1 0 1 0
18 34 25 9 42 16 14 8 2 57 30 40 48 0 43 4 1 45 38 53 25 17 37 8 14 43 0 1 1 1 0 1 1 1 1 1 0 1 0
52 55 56 1 7 48 31 7 15 2 33 48 41 35 8 46 25 23 24 52 4 54 2 1 18 37 1 0 1 0 0 1 1 1 1 1 1 0 1
11 44 5 42 0 30 34 13 48 20 16 18 28 24 52 10 54 8 60 13 40 36 41 41 15 5 1 1 1 0 1 1 1 1 0 0 0 1 1
49 48 59 38 38 10 58 28 14 51 53 37 15 34 35 28 18 33 14 19 36 47 51 32 54 60 1 0 0 1 1 1 1 0 0 0 0 1 1
53 42 26 26 21 44 1 20 26 32 36 38 35 24 25 8 4 49 42 9 47 8 19 20 54 44 0 1 1 0 0 1 1 0 0 0 0 1 0
14 3 27 17 40 25 37 1 46 9 44 32 40 49 2 33 12 40 0 60 0 24 19 57 48 37 1 0 1 0 1 1 0 0 0 1 0 1 1
28 29 44 45 44 21 59 38 59 55 2 24 36 24 7 29 41 31 19 25 36 39 48 47 60 31 1 0 1 1 1 1 0 1 1 1 1 0 0
5 37 23 53 47 37 56 35 47 26 27 27 5 7 58 30 39 2 30 15 55 16 54 54 36 23 1 1 0 0 1 1 1 1 0 0 1 0 0
50 9 14 8 54 39 38 46 53 43 58 44 37 38 38 58 47 1 40 19 53 58 2 50 5 0 0 1 1 0 1 1 0 1 0 0 1 1 0
5 14 50 19 42 15 47 30 7 28 28 13 51 30 25 6 21 25 42 36 2 23 44 19 37 36 1 0 0 0 1 1 0 0 0 0 0 0 0
8 37 20 32 4 57 57 2 16 60 23 25 29 34 28 12 40 56 41 35 56 55 18 60 36 14 1 1 1 0 0 1 0 1 1 0 0 0 1
10 19 37 4 19 18 43 22 32 2 42 14 53 51 36 39 59 3 31 57 32 17 60 6 59 9 1 1 1 0 1 1 0 1 0 0 1 1 1
53 11 47 3 34 7 10 23 17 44 5 50 38 27 39 29 38 48 54 54 41 16 60 19 49 9 0 0 0 1 0 1 0 0 0 0 1 0 0
54 21 44 39 27 34 14 11 26 30 41 1 8 16 34 22 42 24 6 4 17 47 37 57 38 45 0 0 0 0 1 1 1 1 1 1 1 1 0
30 4 46 42 37 54 29 26 46 33 56 49 20 28 32 31 4 53 16 51 44 5 47 4 45 34 0 0 0 1 1 1 0 0 1 0 0 1 0
20 44 31 27 17 51 53 18 37 42 48 24 4 2 2 37 3 41 53 6 10 2 2 47 41 26 0 0 1 1 0 1 1 0 0 0 0 0 0
17 56 22 11 0 48 52 13 17 27 27 38 0 26 14 51 2 37 43 24 3 43 17 41 8 53 0 1 0 1 1 1 0 0 0 1 0 0 0
6 1 35 38 1 22 3 59 33 33 35 0 4 27 15 53 3 49 56 28 54 17 46 40 14 23 0 0 0 1 1 1 1 1 0 0 1 1 0
40 6 32 5 50 19 15 21 4 23 25 47 21 21 52 21 29 46 42 0 36 29 8 28 9 45 0 1 0 1 0 1 1 0 0 1 0 0 0
50 25 25 23 15 6 23 42 0 50 24 12 41 8 50 39 27 12 53 7 41 9 54 0 49 48 0 0 0 1 0 1 0 1 0 1 0 0 1
16 1 14 8 51 56 23 28 54 14 15 58 7 19 59 54 17 13 44 1 53 40 14 20 52 6 0 1 1 1 0 1 1 0 1 0 1 0 0
37 12 3 20 53 27 3 10 44 40 15 37 18 27 27 6 20 34 1 57 16 40 48 57 23 41 1 0 1 0 1 1 1 1 0 0 1 0 0
53 41 30 44 29 35 32 19 17 48 47 38 15 16 36 19 21 42 26 43 43 32 9 16 56 6 1 0 1 0 0 1 1 1 1 0 1 1 0
48 9 31 49 40 39 9 30 33 19 18 21 10 43 41 13 50 5 52 58 18 9 40 20 10 7 1 1 0 0 1 1 0 1 1 1 1 1 1
1 44 4 30 45 56 55 51 55 38 3 44 24 7 0 37 2 33 60 37 33 16 13 22 56 52 1 0 0 1 0 1 1 1 1 1 0 0 0
45 47 25 36 32 21 39 11 16 47 37 47 47 51 18 15 34 21 18 20 31 55 24 26 14 23 0 0 0 1 1 1 1 0 0 0 1 0 1
34 28 40 3 44 40 16 45 4 37 34 12 6 48 17 47 45 32 16 32 16 30 19 37 0 8 1 1 1 1 0 1 0 0 1 1 1 1 1
36 41 6 24 10 16 16 51 24 18 53 26 3 47 21 17 46 18 17 6 56 37 48 5 40 22 1 0 1 1 1 1 0 1 1 1 0 0 0
18 41 0 17 37 22 58 19 17 45 14 21 46 28 4 25 37 17 54 6 21 0 3 8 18 17 0 0 1 1 1 1 0 1 1 0 1 1 1
34 29 45 33 34 32 29 57 47 0 26 42 32 29 10 16 35 23 23 23 48 0 46 21 53 36 0 0 1 0 0 1 1 1 1 0 0 0 1
58 26 57 54 60 56 0 58 37 52 52 43 19 24 38 54 35 28 7 44 50 38 42 50 23 25 0 0 1 0 1 1 1 1 0 1 1 0 1
31 24 41 20 42 25 41 27 5 48 21 34 17 38 9 27 35 10 35 56 48 33 44 42 53 13 0 0 0 0 0 1 0 0 1 1 0 0 1
19 16 10 16 22 9 19 42 17 1 42 16 29 36 57 38 39 43 38 31 19 15 11 1 18 44 1 0 0 1 1 1 0 0 1 1 1 1 0
31 2 15 16 3 38 52 52 41 31 25 17 30 55 17 34 3 1 13 38 59 24 13 17 30 37 0 1 1 1 1 1 0 0 0 1 0 1 1
21 36 55 40 34 36 57 2 26 6 46 6 2 23 50 4 33 54 19 54 11 25 22 3 59 53 1 1 1 0 0 1 0 0 1 1 0 0 0
52 45 23 47 24 5 26 19 56 9 57 5 29 19 27 2 3 56 2 27 60 9 9 49 35 56 0 1 1 1 0 1 1 1 1 0 0 1 1
35 27 9 19 39 22 58 42 22 10 17 2 54 23 25 49 34 28 43 33 30 27 57 10 4 58 1 1 0 1 0 1 0 0 0 0 1 1 0
19 4 50 16 5 19 0 38 32 40 1 31 50 20 15 41 42 16 11 0 41 22 2 52 40 55 0 0 0 0 1 1 1 1 1 0 0 1 0
32 39 30 42 23 52 10 3 54 51 7 58 3 37 5 8 51 49 43 10 0 29 45 39 22 8 0 0 1 1 1 1 0 0 0 1 0 1 0
23 20 56 57 42 35 13 36 37 51 40 15 30 5 48 2 11 51 21 14 10 31 49 11 18 8 1 0 0 0 0 1 1 0 1 1 1 0 1
3 10 10 36 57 57 23 24 26 42 12 57 2 18 0 20 47 47 2 1 20 36 44 34 24 21 0 1 0 0 1 1 1 1 0 0 1 1 0
7 60 39 15 29 43 49 46 4 9 5 52 12 5 42 11 44 10 9 12 46 59 47 24 52 42 1 0 1 1 1 1 0 0 1 0 0 1 0
29 11 50 25 45 33 25 34 33 22 39 50 10 45 5 38 52 17 56 45 46 7 6 23 26 13 1 1 0 1 1 1 0 0 0 1 1 1 1
3 23 27 59 27 45 55 32 51 14 6 1 7 0 7 49 30 0 56 2 8 21 43 43 51 44 1 0 0 0 1 1 1 1 1 0 0 1 0
25 1 45 30 22 2 11 27 34 59 17 19 35 1 44 17 39 45 49 10 15 44 52 54 50 12 1 0 1 1 1 1 1 1 1 1 1 0 0
57 4 2 3 40 57 6 17 15 16 10 28 24 31 24 42 41 40 59 60 49 27 23 57 35 27 0 1 1 0 0 1 1 0 1 1 1 1 0
7 50 39 35 20 25 26 59 48 12 52 59 45 16 49 29 53 22 21 23 46 29 27 5 4 23 1 1 1 0 1 0 1 1 0 0 1 1 0
9 33 21 47 35 42 20 12 21 49 47 0 26 51 52 51 25 43 50 37 7 50 59 12 24 42 0 1 1 1 0 1 0 0 0 1 1 0 0
44 32 21 55 19 48 33 52 14 29 47 0 55 8 18 24 53 40 57 42 57 32 10 26 19 29 1 1 1 1 1 1 1 0 1 1 1 1 1
38 53 29 29 42 28 19 13 4 6 34 1 35 48 52 29 49 20 42 8 58 51 37 28 4 56 1 0 0 1 0 1 1 0 1 1 1 0 0
9 56 42 38 40 28 9 45 33 15 36 17 16 60 18 51 1 1 4 15 54 34 4 12 14 10 0 1 0 0 0 1 0 0 1 1 1 1 1
34 55 56 43 55 9 56 29 6 2 33 2 34 16 25 51 47 19 22 50 50 10 29 32 11 14 1 0 1 0 0 1 0 0 1 0 0 0 0
20 35 25 41 40 45 23 0 15 26 52 3 39 11 57 24 55 57 38 57 6 47 27 3 46 8 0 1 1 0 0 1 1 1 0 0 1 0 1
38 41 32 42 51 19 39 36 45 37 7 44 57 54 43 57 33 56 36 12 48 43 56 50 52 13 0 1 0 0 1 1 0 0 1 0 0 0 1
1 19 31 5 14 20 16 31 30 16 32 19 56 37 0 16 37 41 2 45 40 39 42 45 13 36 1 0 1 1 1 1 1 0 1 0 1 1 0
56 1 21 42 12 43 55 53 59 30 3 48 12 28 45 0 30 25 44 22 48 45 4 48 49 14 0 0 1 0 1 1 1 1 0 1 1 1 1
32 18 15 25 24 31 10 11 19 13 21 19 6 7 37 36 55 17 26 39 23 12 44 21 42 16 0 1 0 0 1 1 0 1 0 1 1 1 1
22 26 59 45 27 52 12 39 40 15 53 48 33 2 2 10 37 48 34 23 9 36 30 39 0 31 0 0 1 0 0 1 1 0 0 1 1 0 1
45 31 51 17 17 26 39 51 25 17 7 51 15 34 13 47 48 56 30 38 51 8 18 55 28 53 0 0 0 1 0 1 1 1 0 0 1 1 1
40 26 19 55 47 3 20 55 60 32 6 43 29 1 4 6 29 60 32 57 11 53 40 46 13 9 0 0 0 1 0 1 1 1 0 1 1 0 1
40 43 15 24 32 31 54 33 6 60 38 17 35 45 60 7 25 39 38 7 58 32 21 29 35 28 0 1 0 0 1 1 1 1 0 1 0 0 0
16 30 32 17 27 9 6 31 14 49 14 8 22 5 19 2 15 7 40 43 55 14 2 28 14 33 0 0 1 0 1 1 1 1 1 1 1 1 0
21 52 15 31 59 10 11 55 50 18 7 0 17 12 58 51 53 32 47 23 51 4 4 43 36 2 1 1 1 0 0 1 1 0 0 1 0 1 1
5 13 8 18 35 21 4 34 3 52 33 15 14 14 53 34 12 37 16 31 44 19 4 6 50 24 1 1 1 0 1 1 1 0 1 1 1 0 1
23 24 25 44 2 17 30 55 50 50 10 40 1 56 24 32 40 1 12 1 27 9 47 4 25 43 1 1 1 0 0 1 1 1 1 1 1 1 0
43 12 55 9 57 57 58 28 26 48 27 28 28 0 23 57 2 3 54 57 35 36 43 12 30 19 0 1 1 0 1 1 0 0 1 1 1 1 1
44 32 31 3 25 20 12 54 11 9 60 42 1 36 46 29 13 56 13 17 19 44 45 12 49 25 0 0 1 0 1 1 0 1 1 1 1 1 1
42 36 56 21 23 30 60 7 38 27 43 33 9 35 43 21 56 30 34 29 55 16 26 9 12 32 0 0 0 0 0 1 1 0 1 1 1 1 1
60 2 11 27 21 35 2 56 35 12 33 32 17 16 0 45 58 14 0 51 47 54 12 16 48 21 1 0 0 0 0 1 1 1 0 1 0 1 1
7 15 43 38 0 11 35 30 16 49 7 27 29 9 44 48 10 35 1 44 25 48 53 55 8 13 0 1 1 0 0 1 0 0 1 0 1 1 1
60 44 49 47 1 28 33 26 11 26 1 0 13 26 0 23 22 50 12 57 28 23 26 29 45 14 0 1 1 0 0 1 0 1 1 1 0 1 0
10 18 31 60 4 59 38 14 9 23 37 15 36 49 43 35 0 46 20 52 49 34 59 20 44 38 1 0 0 0 1 1 0 0 1 1 1 0 0
7 18 29 26 54 29 10 31 17 30 8 57 32 51 49 12 43 60 38 55 34 30 0 10 26 29 0 0 0 1 0 1 0 1 0 1 0 0 1
33 21 53 56 53 45 8 25 36 27 40 33 7 26 19 60 59 12 59 52 25 9 12 39 7 17 1 0 1 0 1 1 0 0 0 1 0 0 0
12 29 34 39 3 53 60 42 37 6 5 17 28 51 15 59 13 45 28 15 30 39 26 19 27 22 1 0 1 0 0 1 1 1 0 1 0 1 1
13 27 6 4 26 41 60 1 18 30 59 44 1 52 44 45 6 26 15 12 40 37 26 44 14 53 0 1 1 0 1 1 1 0 0 1 0 1 1
0 55 53 35 60 12 18 4 12 40 21 53 21 31 52 51 49 54 59 7 45 46 59 20 47 39 0 1 1 1 1 1 0 0 1 1 1 1 0
53 23 35 30 3 27 21 60 40 4 9 33 1 39 9 28 19 35 41 58 18 45 37 49 58 3 0 1 1 0 1 1 0 0 0 1 1 1 0
5 8 38 37 37 51 13 11 11 8 31 17 60 47 49 47 24 15 3 9 9 44 55 19 42 20 1 1 1 0 0 0 0 0 0 0 0 1 0
30 58 6 33 48 2 33 7 30 41 17 47 2 60 23 36 52 60 12 4 54 11 21 1 52 59 1 0 1 0 1 1 0 1 0 1 0 0 0
23 21 33 38 21 39 39 32 53 11 40 25 26 13 22 58 33 41 34 44 3 55 24 28 0 15 0 0 1 0 1 1 1 1 0 1 1 0 1
42 15 12 14 22 32 60 46 25 32 20 19 29 17 53 44 50 37 7 26 31 26 26 9 13 31 1 0 1 0 1 1 1 1 0 1 0 1 1
37 27 15 10 21 17 37 24 25 5 35 39 32 23 39 15 24 32 43 33 25 10 12 4 35 20 1 1 1 0 0 1 1 1 0 1 1 1 0
50 26 25 20 3 40 43 60 40 31 53 31 44 7 16 9 27 52 35 27 17 35 2 29 56 25 1 0 0 0 0 1 0 1 1 0 1 1 1
38 4 41 24 17 12 5 41 6 48 50 10 33 41 55 29 34 46 21 32 41 26 60 53 58 43 1 0 0 0 1 1 1 1 0 1 1 1 1
20 53 48 39 18 51 56 10 58 11 33 30 12 25 0 19 22 17 24 1 58 24 16 37 27 11 1 0 0 0 0 0 0 1 0 1 1 0 1
9 54 35 39 57 22 60 57 3 0 27 10 50 60 2 24 28 50 24 3 57 50 48 33 20 15 1 1 0 1 1 1 1 1 1 0 1 1 1
7 25 17 43 25 44 60 18 48 52 60 19 33 40 6 28 13 54 4 41 51 38 30 43 53 41 1 0 1 0 1 1 1 1 1 1 0 0 0
1 9 17 36 43 22 35 35 57 22 33 39 39 31 36 9 4 12 30 36 54 28 3 59 39 9 0 0 0 1 0 1 0 1 0 0 1 0 1
3 55 37 53 60 24 60 51 3 22 11 27 32 13 46 5 57 13 59 29 10 14 33 21 37 45 1 1 0 0 0 1 1 1 1 1 1 1 1
26 49 46 42 32 31 60 56 51 14 45 42 7 33 23 60 47 53 55 54 37 48 2 0 0 18 1 0 1 1 1 1 1 1 0 0 1 1 1
40 20 29 37 57 55 20 54 51 9 20 14 54 23 20 43 55 39 60 19 56 46 3 24 6 10 1 0 1 1 1 0 0 1 1 1 0 1 1
34 37 22 0 5 10 26 22 27 60 20 44 54 25 13 53 29 10 5 58 46 31 6 44 10 38 1 1 0 1 0 1 1 1 0 1 1 1 1
25 54 2 43 39 10 5 37 35 6 47 51 4 16 35 5 31 19 27 48 60 8 51 54 45 17 0 1 0 0 0 1 0 1 1 0 0 0 1
39 60 13 47 20 22 28 10 5 19 43 58 16 7 58 19 36 13 6 29 47 7 53 34 9 10 0 0 1 0 0 1 0 1 1 1 0 1 1
22 8 9 56 41 14 60 23 30 21 43 56 6 10 55 45 42 6 55 3 31 9 38 21 53 35 0 1 1 0 0 1 0 0 0 0 1 0 1
60 8 12 50 40 35 60 51 38 43 47 11 43 33 25 15 5 30 30 32 22 51 0 56 39 16 0 0 1 0 0 1 1 1 1 1 1 1 1
12 35 19 23 5 12 26 20 43 17 56 49 14 27 14 17 44 56 35 4 29 58 57 17 28 32 0 1 0 0 1 1 0 1 0 1 1 0 1
20 47 19 38 17 58 60 31 39 8 29 9 16 12 57 58 12 10 47 28 46 31 56 52 7 45 0 0 1 0 0 1 1 1 0 1 0 1 1
3 55 49 46 49 12 4 44 44 30 52 23 57 50 39 26 15 59 26 56 49 33 41 48 32 17 1 0 0 0 1 1 0 1 1 0 0 0 1
1 29 6 37 7 48 60 60 23 17 45 24 59 30 23 16 60 56 19 0 35 17 6 15 7 3 0 1 1 0 1 1 1 0 1 1 0 0 0
14 11 44 48 58 52 31 8 22 23 60 5 32 5 35 21 47 33 58 8 1 25 10 53 2 2 1 0 1 0 1 1 1 1 1 1 0 0 0
51 60 43 10 27 52 60 25 43 45 1 21 9 57 51 48 4 26 16 28 17 44 45 15 22 50 1 1 0 0 1 0 1 1 0 0 1 1 1
3 41 43 8 57 42 41 11 35 13 21 19 44 2 47 8 26 41 21 1 5 43 56 36 10 51 1 0 0 0 1 1 0 1 0 0 0 0 1
7 16 50 1 55 1 60 12 16 46 54 45 59 51 37 40 45 22 9 56 40 31 37 39 24 58 1 1 0 0 1 1 1 1 0 1 0 1 1
54 36 1 35 21 16 12 41 31 58 39 30 52 5 24 3 31 28 10 45 46 5 52 22 21 57 0 0 1 1 0 0 0 0 1 1 1 1 0
24 52 44 25 36 30 18 43 48 31 32 57 57 42 24 14 10 22 38 47 8 45 18 15 31 5 0 1 1 0 0 1 0 1 1 1 1 0 0
10 4 22 23 21 46 15 50 0 41 53 6 26 19 37 13 54 34 16 41 11 30 40 59 50 1 0 1 0 1 0 1 0 1 1 0 0 0 0
57 51 42 11 1 43 8 53 3 6 42 33 35 42 2 0 42 49 25 57 10 15 25 27 44 19 1 1 1 0 0 1 1 0 0 1 1 1 0
41 25 0 26 45 3 60 48 39 11 58 1 18 8 21 5 2 51 16 27 15 41 41 30 16 13 0 1 0 1 1 1 1 0 1 1 1 1 1
46 47 60 11 10 5 60 1 56 3 47 13 27 41 13 24 15 55 27 57 30 33 3 32 12 47 0 1 0 0 1 1 1 1 1 1 1 1 0
58 11 34 49 39 45 34 16 7 51 17 50 0 24 6 4 13 18 13 13 55 25 36 37 51 56 0 0 0 1 1 1 0 0 1 0 1 1 1
35 31 22 46 1 12 14 28 35 38 47 14 10 33 29 36 12 37 50 4 50 8 12 56 22 50 1 0 1 0 0 1 0 0 0 1 0 1 1
52 10 51 54 45 13 33 6 27 36 54 17 58 40 10 3 59 51 40 30 17 60 54 58 34 11 0 1 1 0 0 0 1 0 0 1 1 0 1
16 34 45 46 59 44 50 49 27 8 37 28 59 51 51 20 4 1 39 50 57 17 59 25 57 25 0 0 1 0 0 1 1 0 1 1 1 0 0
24 14 58 27 4 8 40 39 22 30 58 37 41 54 48 25 58 10 17 24 31 8 28 49 59 7 1 1 0 0 1 1 0 0 1 1 0 1 1
50 41 51 49 14 11 29 14 59 21 54 50 43 38 39 40 17 44 17 28 6 20 27 35 14 55 1 0 1 1 1 1 0 1 1 1 1 1 0
22 60 34 5 38 58 52 15 12 18 33 29 29 49 23 47 45 37 25 40 10 42 43 46 31 57 1 1 1 0 0 0 0 0 1 1 1 1 0
18 24 36 46 45 51 60 59 0 33 2 33 20 26 14 10 2 22 8 42 42 53 33 55 31 46 0 1 0 0 1 1 1 1 0 0 0 0 1
10 22 33 5 6 19 60 45 58 0 36 4 56 51 42 42 10 30 1 33 6 14 26 3 1 8 1 0 0 1 0 1 1 0 1 1 1 0 0
30 16 45 54 11 1 60 58 51 6 27 38 48 10 45 49 12 3 1 25 27 16 55 53 36 18 1 0 1 0 1 1 1 1 1 0 1 0 1
11 20 38 57 51 49 60 39 53 43 10 33 58 22 36 35 50 50 29 51 41 44 20 39 39 52 0 1 1 1 1 1 1 1 1 1 0 1 1
44 15 37 31 48 29 17 50 48 51 16 47 9 20 50 5 53 41 7 25 14 36 30 50 24 38 0 0 0 1 0 1 0 1 1 0 1 0 0
19 33 18 39 52 38 1 56 25 10 9 31 38 57 13 24 20 32 25 12 35 43 10 9 38 35 0 0 1 0 0 1 0 1 0 1 0 0 0
30 26 34 41 31 48 16 19 36 15 50 25 51 22 26 2 37 16 48 51 17 1 45 45 3 8 1 1 0 0 1 1 1 1 0 1 1 0 1
29 51 8 14 32 48 8 55 60 10 24 2 20 49 16 56 21 38 23 35 24 5 1 34 31 12 0 1 1 1 0 1 0 0 1 0 0 1 1
38 52 18 43 6 7 60 54 33 23 24 31 50 57 41 38 18 17 55 33 16 27 3 46 11 56 0 1 1 0 1 1 1 1 1 1 1 0 1
49 49 7 1 46 7 20 50 37 30 36 34 41 44 17 15 49 32 43 12 56 55 0 57 16 29 0 0 0 1 0 1 0 0 0 0 0 1 1
34 8 38 35 37 47 28 41 12 10 26 4 16 10 29 25 25 36 36 8 23 16 51 53 49 12 0 1 0 1 1 1 1 0 1 0 0 1 1
30 54 41 41 37 19 12 60 45 57 48 52 7 31 20 6 53 23 48 28 36 43 36 50 38 42 0 1 0 1 0 1 1 1 1 0 0 1 1
43 28 17 29 3 56 16 3 54 21 32 49 38 16 60 18 20 45 42 9 5 11 51 47 36 21 1 0 1 0 0 1 0 1 0 0 1 1 1
39 9 11 44 53 58 51 17 41 44 47 11 37 1 27 30 46 37 30 35 26 13 42 11 32 27 1 0 0 0 0 1 0 1 1 0 1 0 0
34 1 11 1 4 57 53 31 40 12 18 7 25 54 14 22 12 17 12 23 16 44 0 1 29 2 0 1 1 0 0 1 1 1 0 0 0 0 0
55 50 46 13 7 23 60 5 41 36 3 23 13 16 3 31 51 55 2 27 55 47 46 5 45 26 1 1 0 1 1 1 1 0 1 1 0 1 0
2 41 44 15 29 33 49 49 35 23 42 58 34 46 2 40 45 0 58 9 17 31 43 32 24 26 1 0 1 1 1 1 1 1 0 1 0 1 1
51 24 40 57 60 52 33 36 40 31 45 43 9 43 17 7 13 33 54 36 10 36 58 37 17 17 0 0 0 0 1 1 0 1 0 0 0 1 1
11 36 11 54 60 32 55 58 41 43 48 24 20 19 36 41 51 31 7 3 29 7 46 59 46 60 1 0 1 0 0 1 0 1 0 1 0 1 1
39 31 43 51 12 20 40 3 9 31 31 42 59 29 51 8 15 5 44 18 40 0 44 22 3 26 1 1 1 0 1 1 1 1 0 1 1 0 1
10 59 24 43 49 18 56 11 32 27 18 0 25 0 58 30 12 27 4 26 19 12 22 43 34 21 0 0 0 0 1 1 1 0 0 0 1 1 1
52 47 31 38 12 60 36 12 35 17 56 22 4 36 2 28 57 53 47 0 32 33 12 49 8 9 0 0 0 1 1 1 1 1 0 0 1 1 1
10 49 32 28 6 44 56 24 53 13 55 60 15 58 41 42 12 17 27 10 49 12 22 9 56 33 1 1 1 1 1 1 1 0 1 0 1 0 0
49 16 10 54 31 59 10 47 56 39 27 21 13 56 35 28 48 25 56 9 13 60 33 31 4 18 0 0 1 0 0 1 1 1 0 1 1 0 0
11 31 12 9 25 41 16 5 38 51 32 37 16 25 54 40 16 32 17 0 18 41 11 58 35 60 1 0 1 1 0 1 0 0 1 1 0 1 1
47 54 54 47 10 49 3 41 0 30 25 26 26 0 36 47 56 28 51 31 55 50 58 41 40 35 0 1 1 1 0 1 0 0 1 0 0 1 0
39 22 4 14 2 16 39 41 31 14 8 12 40 47 56 17 11 7 23 36 24 3 14 5 56 31 0 0 1 1 0 1 0 1 0 0 0 1 0
44 17 25 47 20 49 37 19 2 49 40 52 57 0 1 44 36 50 18 34 23 37 14 57 1 10 0 0 1 1 1 1 0 1 0 0 0 0 0
19 10 17 45 13 40 58 1 56 27 25 15 15 19 48 36 12 28 8 4 3 60 50 36 43 43 1 0 0 1 1 1 1 1 1 0 1 1 1
32 44 33 17 25 9 36 45 35 21 48 18 47 36 27 39 34 56 35 11 28 3 4 12 3 55 0 0 0 1 1 1 0 0 0 1 0 0 0
50 45 21 20 48 3 17 16 6 7 35 59 26 16 14 4 52 27 13 14 24 42 50 2 20 28 1 1 1 0 0 1 0 1 1 1 0 1 0
56 17 39 35 35 47 51 59 14 53 45 55 41 41 46 10 22 22 44 34 54 43 34 41 19 21 1 0 1 1 1 1 1 0 1 1 1 1 1
37 18 57 34 52 27 24 20 27 49 13 0 12 39 52 18 48 0 22 3 55 33 41 13 46 6 0 1 1 0 1 1 1 1 0 1 0 1 0
21 44 49 60 4 50 22 60 34 2 19 36 24 2 44 6 44 25 23 20 56 33 23 33 58 60 1 0 1 0 0 1 0 0 1 1 0 1 1
12 56 2 12 2 49 6 48 24 33 1 44 51 1 57 51 33 42 23 35 57 60 51 36 1 5 0 1 1 0 1 1 1 0 1 0 0 0 1
51 36 11 23 15 44 40 31 21 0 3 20 52 54 2 19 52 31 32 47 13 51 41 24 31 14 1 0 0 0 0 1 1 1 1 1 1 1 0
37 53 18 26 4 3 22 51 18 20 36 23 54 41 13 40 33 6 59 23 48 52 45 41 18 51 1 1 1 1 1 1 0 0 1 1 0 0 0
35 59 49 34 52 53 25 12 53 42 11 53 43 20 47 33 18 51 46 27 8 42 35 30 14 13 0 1 1 0 0 1 1 1 0 0 0 0 0
22 58 17 24 1 50 50 36 11 42 0 42 16 33 57 30 5 18 15 6 12 13 48 34 17 34 0 0 0 0 0 1 0 1 0 0 1 0 0
24 60 10 8 29 27 60 49 14 14 18 38 21 33 24 6 25 56 18 34 48 17 46 11 48 53 0 0 1 1 0 1 1 1 0 0 1 1 1
10 7 44 21 44 15 52 18 53 31 43 28 2 36 9 12 3 8 51 35 27 15 8 13 24 42 0 1 1 0 0 1 1 1 1 1 0 1 1
48 32 10 20 13 51 53 1 24 59 30 8 53 45 45 43 29 32 22 14 30 28 26 37 26 32 0 0 0 1 0 1 0 1 0 1 0 1 1
5 59 50 41 27 44 56 27 24 10 56 29 49 22 60 19 33 52 30 19 47 9 55 24 8 22 1 1 1 1 1 1 0 0 1 0 0 1 1
35 9 55 50 18 37 42 22 24 1 17 53 8 8 16 20 3 29 18 30 4 42 6 4 29 9 0 0 1 1 1 1 1 1 1 1 1 0 0
13 21 60 40 4 38 22 17 52 36 57 47 35 32 25 25 25 51 7 49 37 19 47 49 11 35 0 1 0 1 1 1 1 1 1 1 0 0 0
36 29 44 11 52 40 54 25 20 50 11 5 30 9 27 26 45 29 16 40 23 17 37 35 53 37 1 1 1 0 1 1 1 1 0 0 1 0 0
55 50 22 36 4 38 27 2 48 49 6 53 8 42 26 11 25 32 57 20 11 38 26 18 35 25 0 0 1 1 1 1 0 1 1 1 1 1 0
28 56 50 15 42 42 57 49 6 15 13 17 48 20 46 8 30 26 24 5 8 45 23 52 59 31 0 1 1 0 0 1 0 1 1 1 0 1 1
55 54 44 17 1 58 58 47 43 5 54 45 25 28 5 9 8 6 0 22 56 45 33 8 10 26 1 0 0 1 0 1 1 1 1 0 1 0 0
56 13 5 29 36 6 8 0 43 38 16 20 15 39 45 4 16 13 44 15 18 50 33 28 21 11 1 1 1 0 0 1 0 1 0 0 0 0 1
10 36 45 42 13 2 21 8 54 19 38 8 4 41 8 13 28 40 15 11 17 49 35 55 23 26 1 1 0 0 0 1 0 0 0 0 1 1 1
23 0 4 37 21 3 24 43 45 54 15 31 44 45 41 5 29 41 43 15 54 22 60 46 60 29 1 1 1 1 1 1 1 0 1 1 0 0 0
52 23 32 21 18 21 25 48 24 32 14 39 51 38 43 24 57 38 49 51 32 46 44 27 39 33 0 0 0 0 1 1 0 0 0 0 1 1 0
32 40 34 37 55 47 47 29 54 22 27 27 5 54 22 59 44 59 30 20 29 8 27 25 0 33 1 1 1 0 1 1 0 1 1 0 0 0 0
19 21 30 12 34 20 17 5 4 47 60 23 26 14 28 1 33 39 7 4 40 44 5 55 35 25 1 1 0 0 0 1 0 0 1 1 0 1 0
22 58 40 4 28 12 56 10 17 14 32 15 51 53 55 12 0 5 47 0 51 7 60 23 24 0 0 0 0 1 0 1 1 1 0 0 1 1 0
11 28 6 15 54 60 51 21 27 59 3 36 31 60 53 14 9 56 16 14 36 7 38 31 55 40 1 1 0 0 1 1 0 0 0 1 1 1 1
12 12 20 16 34 19 18 36 6 43 39 34 55 51 43 43 42 35 42 60 27 25 51 18 10 17 0 1 1 0 1 1 0 1 0 0 1 1 0
14 19 25 28 33 5 28 27 11 53 37 34 45 20 1 31 23 55 26 20 18 34 9 46 57 50 0 1 1 0 0 1 1 1 0 0 0 1 0
39 28 59 5 37 60 54 30 52 3 42 20 1 16 20 1 47 33 52 8 41 9 52 46 60 29 0 1 1 0 0 1 0 1 0 1 0 0 1
23 53 51 16 25 18 33 58 25 14 15 42 19 20 16 3 18 57 54 20 48 0 32 45 15 30 1 0 1 0 0 1 1 1 1 1 0 1 0
39 23 15 30 33 35 47 45 8 35 36 28 48 27 41 3 44 48 57 40 39 14 16 37 22 44 0 1 0 0 0 1 1 1 1 1 1 1 1
42 52 57 11 52 16 43 47 8 40 40 41 28 42 22 12 21 27 35 51 9 9 19 23 30 47 0 1 0 0 1 1 0 0 1 0 0 0 0
42 21 38 35 48 48 15 44 23 59 57 58 10 23 1 11 52 11 30 15 4 36 24 27 49 26 1 0 1 1 1 1 1 0 0 0 0 0 0
5 39 16 33 56 15 0 33 57 9 12 26 42 30 8 22 15 52 17 26 52 37 34 29 11 57 1 0 1 1 0 1 1 0 1 1 0 1 0
16 46 19 22 54 29 13 20 20 42 6 3 36 56 40 4 43 47 28 32 23 58 24 31 7 34 0 1 0 1 1 1 1 0 0 1 1 1 1
58 24 52 36 11 45 19 44 58 13 49 21 20 17 14 24 25 42 12 45 38 27 26 2 26 58 0 1 1 0 1 1 1 0 1 1 1 0 1
53 60 47 1 53 23 23 44 13 22 22 27 49 24 44 48 17 22 30 18 34 1 41 45 29 54 1 0 0 0 1 1 1 1 0 0 0 0 0
54 53 9 53 47 14 10 45 36 57 6 27 35 7 22 53 41 56 34 17 13 12 38 11 51 32 1 0 1 1 0 1 1 1 0 1 0 1 1
29 32 41 22 6 30 34 23 6 11 28 57 55 59 50 44 18 32 60 14 27 31 53 17 38 59 1 0 1 1 1 1 1 0 0 0 0 0 0
59 4 50 27 36 43 54 5 26 36 21 37 18 6 47 31 18 2 0 23 36 30 45 19 43 0 0 0 0 1 0 1 1 0 0 0 1 0 0
17 4 42 55 10 14 9 42 29 9 36 46 54 11 7 52 18 0 8 22 34 57 25 25 60 41 0 0 1 1 0 1 1 1 1 1 1 0 1
26 16 17 56 43 48 56 44 60 60 57 42 12 46 32 30 22 31 34 5 26 57 44 19 25 42 1 0 1 1 0 1 1 0 0 1 1 1 0
24 17 26 14 4 37 25 60 6 29 26 52 55 34 50 28 54 58 0 45 5 2 2 35 22 54 0 0 1 1 1 1 1 1 1 1 0 0 0
59 32 7 26 48 21 33 54 4 17 6 12 30 15 4 7 38 15 27 3 4 41 25 4 19 22 1 1 1 0 1 1 1 0 0 1 1 1 1
1 16 20 58 58 50 35 21 29 11 24 56 46 22 35 44 27 46 11 1 60 19 26 29 4 38 1 1 1 1 1 1 1 0 0 1 0 1 1
27 10 50 51 8 59 20 16 1 28 45 14 46 57 36 13 0 34 21 49 7 1 10 19 52 18 0 1 0 1 0 1 1 0 0 1 0 0 0
10 52 7 45 32 54 13 56 7 13 24 5 30 5 41 3 8 55 47 41 41 21 29 3 42 20 0 0 0 0 0 1 0 1 0 0 0 0 0
24 31 18 56 21 58 45 7 5 42 1 3 39 44 14 51 29 12 6 38 59 15 8 10 46 34 0 1 0 1 0 1 0 1 0 1 1 1 1
15 30 2 50 32 19 7 21 57 36 25 10 1 44 0 7 35 42 16 4 14 59 34 50 58 9 0 1 1 1 0 1 1 1 1 1 1 0 1
51 19 42 46 46 13 48 52 13 33 4 4 3 59 16 1 30 20 11 44 43 25 58 23 28 30 1 0 1 0 1 1 1 1 1 0 1 1 1
9 45 47 11 25 22 4 32 30 4 47 39 56 54 1 24 26 35 53 53 54 1 33 22 30 6 0 0 0 1 0 1 0 0 0 1 0 0 1
6 10 50 5 29 29 5 18 32 4 3 19 55 47 54 27 58 28 38 11 14 16 27 9 0 15 0 0 0 0 1 1 1 0 1 1 0 1 0
57 43 47 36 6 22 58 0 9 30 1 6 8 49 9 15 13 25 23 47 51 0 5 47 35 9 0 1 0 1 1 1 0 1 0 1 1 0 1
55 44 31 4 9 2 59 10 22 47 51 23 22 38 9 54 27 1 18 56 26 7 2 8 41 1 0 0 0 1 1 1 1 0 1 1 0 0 1
34 4 2 21 56 7 53 44 30 13 1 47 2 10 44 10 2 55 7 53 0 36 50 27 3 46 1 1 0 0 0 1 1 0 0 1 0 0 0
39 22 33 28 27 50 48 53 41 11 47 27 30 29 3 58 43 34 55 43 11 43 6 36 9 54 1 1 0 1 1 1 0 0 0 1 1 0 0
0 6 22 24 49 42 24 18 6 23 45 52 31 4 7 0 47 55 45 53 33 58 10 29 26 27 0 1 0 0 1 1 1 0 1 1 1 0 1
53 21 7 26 49 39 20 13 43 28 58 60 24 20 58 4 11 28 26 9 57 36 20 7 46 14 0 1 0 0 0 1 1 1 1 0 1 0 1
21 49 52 46 16 45 55 4 59 9 43 32 21 33 33 4 0 60 22 19 47 44 4 55 19 58 0 1 1 0 0 1 1 0 0 1 0 0 0
25 26 42 34 44 28 13 19 44 13 13 45 9 55 57 27 8 13 53 10 20 17 8 18 3 2 1 1 1 1 0 1 0 1 1 0 1 1 0
18 38 32 34 27 53 21 58 50 18 10 42 56 44 19 46 59 31 19 8 57 40 18 57 12 50 1 0 1 0 0 1 0 0 1 0 0 0 1
1 22 20 43 19 15 32 20 48 34 1 41 19 27 54 46 35 7 29 4 21 36 30 14 49 44 1 0 0 0 1 1 0 1 0 1 0 1 0
43 31 60 54 34 1 6 59 38 56 45 42 58 40 59 47 38 26 36 28 44 28 4 56 43 37 1 0 1 0 0 1 1 1 1 0 0 1 0
11 47 6 51 49 17 44 46 31 11 1 8 14 38 58 10 20 40 3 36 6 12 14 8 34 47 0 1 1 0 0 1 0 0 0 1 0 0 0
47 48 30 46 19 44 0 57 6 19 30 33 26 39 31 5 52 25 10 43 1 12 59 11 54 36 1 1 1 1 1 1 0 1 1 1 0 0 0
14 20 24 55 2 47 22 5 42 57 19 24 4 24 0 14 50 7 6 36 35 43 19 15 60 8 1 1 0 0 1 1 0 0 0 0 1 1 0
43 12 13 54 34 50 48 16 49 17 5 18 59 2 9 18 44 58 8 39 9 17 37 6 8 0 1 1 0 0 0 1 0 1 0 1 1 0 0
21 34 42 3 7 58 26 60 31 43 18 30 19 56 15 28 26 44 15 3 60 7 41 31 49 57 1 1 0 1 0 1 0 1 0 1 1 1 0
49 60 27 7 33 23 40 19 18 50 2 47 20 1 8 55 2 52 3 48 38 31 43 16 48 11 0 0 1 1 1 1 1 1 0 1 1 0 1
47 31 35 8 4 32 54 51 14 45 39 59 7 42 27 12 22 16 48 40 3 11 18 28 57 13 0 0 1 0 0 1 0 0 1 1 1 0 0
47 37 37 52 22 36 24 40 24 6 2 59 9 11 29 11 35 55 23 1 20 42 21 55 7 57 1 1 1 0 1 1 1 0 0 1 0 1 1
23 52 14 26 0 4 59 29 25 19 50 15 7 43 45 34 5 43 15 1 19 34 1 58 42 35 0 0 0 0 0 1 0 1 0 1 0 1 1
47 8 34 32 59 59 21 59 11 59 18 41 23 21 51 34 0 53 20 35 58 35 15 21 42 26 0 1 1 1 1 1 1 0 0 0 0 1 1
24 42 5 46 51 57 8 34 7 9 20 46 43 40 34 9 40 54 30 46 7 22 8 60 23 1 0 1 1 1 1 1 1 1 0 0 1 0 0
48 40 1 51 30 32 50 11 20 37 27 39 20 30 18 38 59 47 7 58 43 2 47 14 24 26 0 1 0 1 0 1 0 1 1 1 0 0 0
53 58 16 15 11 51 53 2 53 6 44 16 15 35 39 60 8 36 25 10 9 12 10 17 26 21 1 1 1 1 0 1 0 0 1 0 1 1 0
22 8 37 53 6 39 7 1 38 39 57 14 25 19 27 57 53 58 17 13 27 48 22 15 33 15 0 0 0 0 1 1 1 0 0 0 0 1 1
38 48 27 23 51 46 15 2 24 13 34 13 59 49 60 33 17 37 31 29 56 25 34 3 32 10 1 1 1 0 0 1 0 1 1 1 0 1 1
44 34 21 54 3 7 34 16 52 2 12 9 44 31 3 30 30 37 10 34 42 0 48 0 14 5 0 0 1 1 1 1 1 1 1 0 0 1 0
22 14 15 17 51 18 7 17 44 58 58 59 52 2 38 0 8 44 30 44 43 39 42 4 11 60 0 0 0 0 1 1 0 1 0 1 1 0 1
40 48 44 36 2 25 55 29 4 59 23 52 35 47 46 2 55 49 55 50 25 40 1 54 33 25 1 1 1 0 1 1 0 0 1 0 0 1 1
8 2 38 44 52 52 4 48 37 17 2 52 1 50 56 51 30 59 42 4 60 17 22 57 30 15 1 0 1 0 0 1 0 1 0 0 0 1 1
6 55 28 32 38 60 0 10 23 18 59 14 25 47 23 25 12 59 14 31 40 4 59 38 26 20 0 0 0 0 0 1 1 0 1 1 1 0 1
53 42 24 47 49 20 40 9 45 24 33 30 37 22 34 36 33 16 15 26 36 37 57 30 44 43 1 1 1 0 1 1 1 0 0 1 0 1 1
44 45 22 8 37 11 18 24 48 17 35 32 53 16 38 44 56 32 24 55 44 60 12 54 59 39 1 0 1 1 0 1 1 0 1 0 1 1 1
42 51 40 40 16 53 12 21 58 28 39 14 3 59 60 40 26 20 45 23 58 36 10 27 31 37 1 1 0 1 0 1 1 1 0 0 0 0 0
44 52 6 48 13 13 48 48 51 17 15 12 10 20 51 53 3 42 10 28 45 45 8 2 47 2 1 1 0 0 1 1 1 1 0 0 0 1 1
29 32 48 23 33 60 18 44 31 1 12 45 39 47 55 52 48 40 49 19 11 50 13 24 19 8 1 1 1 0 1 1 0 1 1 0 0 0 0
44 32 45 58 31 25 17 21 13 55 47 39 25 44 38 47 10 7 32 32 24 10 54 59 25 11 1 0 0 1 1 1 1 1 1 1 0 1 0
49 46 44 7 11 10 30 56 60 28 2 29 7 18 52 35 56 19 30 14 57 15 59 35 46 52 1 0 0 0 0 1 1 0 0 1 0 0 1
21 32 37 51 30 1 17 56 18 47 57 5 42 44 48 58 51 3 25 38 17 19 25 6 34 58 0 0 0 1 0 1 0 0 1 1 0 0 1
13 45 22 58 33 21 42 58 7 47 44 58 47 23 6 58 16 28 10 31 58 54 19 7 40 23 0 0 0 0 0 1 1 0 0 0 0 0 1
18 56 16 33 43 8 7 53 18 60 25 20 21 19 4 41 30 34 29 54 3 10 50 0 18 48 0 0 1 0 0 1 0 0 0 0 0 1 0
53 40 53 5 27 47 37 7 41 42 28 48 9 14 54 2 15 3 55 5 30 52 10 30 42 42 1 0 0 0 1 1 1 0 0 1 0 1 1
16 40 13 29 36 38 43 3 17 3 53 54 14 28 41 49 54 4 11 32 51 26 54 46 56 28 0 0 0 1 1 1 1 1 0 1 1 1 0
4 60 25 59 41 49 57 12 7 23 45 53 14 55 58 0 2 40 16 2 2 14 30 38 31 54 1 0 0 0 1 1 1 1 0 0 1 0 0
2 47 30 12 15 27 46 1 28 50 53 2 57 59 44 49 18 25 52 0 20 27 36 27 34 7 1 0 0 1 1 1 1 0 1 1 0 1 0
45 52 1 34 50 45 16 8 29 15 52 58 53 6 3 15 53 32 51 30 2 24 13 22 44 17 1 0 1 0 1 1 1 1 1 0 1 0 0
33 17 14 43 27 12 25 3 8 25 0 24 53 43 42 2 47 56 55 59 52 55 40 9 57 19 0 1 0 0 0 1 0 0 1 1 1 1 0
48 21 48 27 53 21 49 0 15 24 51 6 57 14 51 3 25 34 9 3 21 16 2 20 25 15 0 1 0 0 0 1 0 0 0 1 0 0 0
55 59 33 37 40 55 1 49 53 36 36 22 33 14 46 59 17 25 16 7 45 1 4 60 53 42 0 0 0 1 0 1 0 1 0 1 1 0 0
60 49 42 35 34 41 2 35 32 51 46 42 39 21 55 49 43 57 15 45 4 0 44 52 28 57 0 1 1 0 1 1 0 0 1 0 1 0 1
33 28 49 39 43 20 45 60 4 57 0 49 16 31 46 23 34 19 25 38 12 45 29 53 49 1 1 0 0 0 1 1 0 0 1 1 1 0 1
27 38 38 57 40 7 38 18 3 19 17 60 24 57 19 14 28 21 20 35 20 4 56 0 27 3 0 1 0 0 0 1 1 0 0 1 1 1 0
40 17 50 60 36 59 45 5 27 12 34 0 33 38 13 56 28 4 52 50 16 2 34 51 60 14 0 0 1 0 1 1 1 0 1 1 0 1 1
7 21 12 19 56 11 36 55 14 22 17 56 30 58 45 45 11 17 30 39 30 26 37 50 2 59 1 1 0 0 1 1 0 1 0 1 0 1 0
41 52 41 43 44 23 50 35 46 16 52 11 45 58 49 56 43 53 37 59 31 27 12 28 1 29 1 0 0 0 1 1 0 1 1 0 0 1 0
41 36 23 13 29 8 10 40 44 58 5 37 8 34 40 7 51 11 14 5 10 57 59 34 39 44 0 0 1 1 1 1 1 0 0 0 1 1 1
35 22 15 11 46 54 51 17 5 50 2 42 24 57 43 56 12 46 16 56 24 56 31 9 58 12 0 0 1 0 0 1 0 0 0 0 1 1 1
0 40 13 23 43 49 34 1 49 26 38 36 50 36 12 11 46 40 32 52 9 27 19 55 21 59 1 1 0 0 1 1 1 0 1 0 0 1 0
30 22 14 45 6 28 36 50 53 35 33 47 47 13 46 8 41 30 33 5 57 15 33 5 5 51 1 0 1 0 1 1 0 1 1 1 0 1 1
22 1 17 7 11 13 29 54 8 13 39 29 34 34 30 24 45 57 9 3 26 31 46 15 30 59 1 0 1 0 0 1 1 0 1 0 0 1 0
47 4 45 45 57 36 32 37 52 33 39 3 5 42 19 16 1 44 18 32 12 58 2 33 16 43 0 1 0 0 0 1 0 1 1 1 1 1 0
0 46 29 51 51 19 33 7 14 0 26 35 51 3 25 60 43 17 60 35 15 35 43 52 52 12 0 0 1 1 1 1 0 0 0 0 0 1 0
45 27 19 34 31 11 45 48 41 8 33 55 59 21 28 33 46 59 0 56 13 2 59 4 12 8 0 0 0 1 0 1 0 0 1 1 0 0 1
36 1 1 46 39 58 2 47 47 13 13 45 5 53 56 13 17 59 45 58 10 21 59 59 30 44 1 0 0 1 1 1 1 0 1 0 0 1 1
15 40 39 48 3 24 0 23 28 20 47 18 10 39 23 14 25 9 2 37 18 4 27 16 46 28 1 0 0 1 1 1 0 0 1 0 0 0 1
10 25 30 59 1 50 8 8 59 46 0 5 38 0 36 59 33 56 12 52 45 6 10 3 23 39 0 0 0 1 1 1 1 1 0 1 0 1 1
20 11 0 36 25 16 2 17 29 19 34 3 15 49 14 41 52 10 58 52 28 8 12 42 31 3 1 1 1 1 0 1 1 1 0 0 1 0 1
41 11 29 27 8 51 46 54 3 54 31 31 45 13 2 13 18 16 45 15 8 51 26 42 14 14 1 1 0 1 1 1 0 1 0 0 0 1 1
32 47 21 60 49 18 47 7 21 4 55 36 9 37 5 31 40 30 19 29 40 58 56 36 27 0 1 0 1 0 0 1 1 1 1 1 0 1 1
29 37 10 44 18 45 40 56 12 9 54 47 12 42 9 10 55 16 26 23 56 50 20 12 38 6 0 0 1 0 1 1 0 0 1 0 1 0 1
0 15 2 4 11 33 0 29 28 13 33 38 23 36 13 2 51 53 43 36 15 26 51 54 34 44 0 1 1 1 0 1 0 0 0 0 0 1 0
35 51 48 13 15 42 5 39 12 11 23 26 39 43 42 25 40 59 7 57 7 31 56 7 54 18 0 1 0 0 0 1 0 1 0 1 1 0 1
43 52 0 53 19 39 0 38 30 43 54 57 56 36 3 57 26 24 25 4 56 34 49 37 23 2 1 0 1 0 0 1 0 0 0 0 0 1 1
45 16 0 56 40 21 32 13 13 14 25 57 53 27 26 36 39 17 39 34 27 29 15 1 33 52 1 1 1 1 1 1 1 1 0 1 1 1 1
47 7 20 38 19 14 23 10 44 53 18 33 6 29 55 33 29 39 60 7 53 18 17 46 27 26 1 0 1 1 1 1 1 1 1 0 0 0 0
9 54 0 27 11 17 38 23 54 51 6 12 27 15 23 47 14 20 6 48 58 59 55 15 35 40 1 1 1 1 1 1 0 0 1 1 1 0 0
23 10 39 33 34 10 19 53 31 59 39 57 16 33 29 11 13 54 11 40 36 46 49 52 55 10 1 0 1 1 1 1 0 0 1 1 0 0 0
56 24 59 33 18 42 50 30 28 46 56 55 56 20 25 29 28 3 24 4 54 52 46 33 25 16 0 1 0 0 0 1 0 1 1 1 1 1 1
56 31 7 38 59 28 7 9 12 5 18 2 22 28 48 15 32 23 47 60 19 11 46 16 7 19 0 0 1 1 0 1 0 1 0 1 1 0 0
13 44 48 11 48 49 48 34 6 9 30 19 4 25 10 12 4 39 60 40 54 45 3 54 29 57 1 0 1 0 1 1 0 1 0 0 0 0 0
35 59 8 42 24 56 32 24 14 7 4 39 19 49 5 48 21 7 13 40 3 28 52 44 25 9 1 1 0 0 0 1 0 1 0 1 0 1 1
35 26 23 42 14 51 13 48 27 54 47 50 36 44 26 21 7 56 24 10 2 28 39 13 32 29 0 0 0 1 1 1 0 1 0 0 1 0 1
51 48 45 19 30 3 59 37 50 24 39 30 18 26 17 59 49 8 45 51 55 15 0 36 3 24 1 0 0 0 0 1 1 1 0 0 0 0 0
0 46 21 27 46 0 5 4 47 33 30 54 20 39 23 15 33 52 12 0 4 9 48 8 7 31 0 0 0 0 1 1 0 1 0 0 1 1 0
5 0 5 35 58 26 19 2 0 30 17 35 3 14 37 8 31 57 48 9 18 18 6 47 8 17 1 0 0 1 1 1 0 1 0 1 0 1 0
1 29 46 46 31 38 33 13 35 48 54 60 21 24 49 47 57 50 60 32 29 33 26 33 56 2 0 0 1 0 1 1 0 1 1 0 1 1 1
15 1 8 14 47 17 24 30 55 0 0 7 23 28 59 22 47 49 22 60 57 17 45 40 22 21 1 1 1 1 0 1 0 0 1 1 1 0 1
33 44 20 36 32 29 49 1 17 8 22 39 7 39 32 34 60 50 40 20 3 30 24 8 2 60 1 1 1 0 1 1 1 1 1 1 1 1 1
40 11 54 42 32 42 53 33 24 47 31 45 28 17 9 51 7 27 6 44 43 0 17 42 13 5 0 1 1 0 0 1 0 1 0 0 0 0 1
35 30 41 38 49 46 25 25 30 22 13 39 58 39 46 41 5 45 2 9 6 36 44 29 52 7 1 0 1 0 1 1 0 1 0 0 1 0 1
19 14 39 7 9 11 34 31 48 33 42 47 7 7 11 36 30 2 36 48 45 27 48 59 39 35 0 1 1 0 1 1 0 0 0 0 0 1 1
15 8 9 56 6 26 53 31 10 37 3 11 4 25 54 51 2 39 5 35 17 3 24 10 52 55 1 0 1 1 0 1 0 0 1 0 0 0 0
15 56 30 45 19 31 32 18 2 13 2 20 33 32 20 43 52 54 13 14 0 38 36 56 11 60 1 0 0 0 0 1 1 1 0 1 0 1 0
11 25 39 21 9 36 17 55 20 6 59 12 47 24 16 13 24 43 15 20 26 31 1 18 6 24 1 0 0 0 0 1 0 1 1 1 0 1 0
40 6 39 34 15 25 2 6 38 59 45 24 30 60 24 27 32 32 47 45 47 49 17 38 30 57 1 0 1 1 1 1 0 1 1 0 1 1 1
2 18 11 16 56 54 11 44 36 47 53 32 23 57 60 6 53 50 14 1 40 23 1 32 53 26 0 0 0 1 1 1 0 0 1 0 1 1 0
17 26 10 56 2 41 31 7 58 48 24 32 22 18 53 27 44 33 46 58 0 49 38 8 60 59 0 1 0 0 1 1 0 1 0 0 0 1 1
46 25 32 46 20 37 40 38 54 19 16 43 46 13 60 8 55 28 58 9 10 0 15 58 13 38 1 0 1 1 1 1 0 1 1 1 0 0 0
45 10 47 34 8 57 33 47 14 53 13 12 24 37 36 13 22 5 33 48 7 17 4 6 40 36 0 0 0 1 1 1 0 1 0 0 1 1 0
5 6 7 6 21 14 45 53 51 11 36 44 6 1 53 1 14 35 20 3 25 4 26 47 59 59 1 1 1 1 1 1 1 1 0 1 1 0 1
23 34 40 57 0 42 40 60 16 29 19 52 9 30 33 34 9 16 10 37 16 2 45 39 28 47 0 1 1 1 0 1 1 1 1 1 1 0 1
0 10 29 3 56 49 0 52 15 33 49 5 39 47 1 5 26 39 54 50 24 5 35 52 18 34 1 0 0 1 0 1 0 1 1 1 1 0 0
26 22 25 36 48 34 48 52 47 52 32 5 14 5 60 44 13 50 48 40 15 60 34 18 32 45 1 1 1 1 1 1 0 0 0 1 0 0 0
4 48 0 54 50 34 45 58 32 20 11 10 38 2 53 5 48 53 44 50 45 43 10 42 57 52 1 1 0 1 1 1 0 0 1 1 1 1 0
59 29 19 43 51 18 24 37 8 39 38 6 20 10 42 4 7 12 12 23 27 52 30 55 33 41 0 0 1 1 0 1 0 1 1 1 0 1 1
0 59 52 12 8 16 12 47 2 17 8 13 24 8 19 31 42 8 10 59 18 9 40 6 34 23 0 0 0 1 1 1 0 1 0 1 0 0 1
46 26 48 20 50 26 52 41 13 27 6 16 37 38 5 19 47 30 38 16 51 36 37 13 28 36 1 0 0 0 0 1 0 0 0 1 0 0 1
12 12 4 57 33 30 39 39 31 23 38 2 60 28 37 56 53 2 36 33 24 34 13 15 14 10 0 1 1 0 1 1 1 1 0 1 1 0 1
30 39 31 22 18 56 19 4 10 50 49 56 53 6 39 43 60 58 33 43 18 13 24 42 43 22 0 1 0 1 1 1 1 0 1 0 1 0 0
15 24 6 34 1 35 16 25 41 48 15 2 53 24 13 60 48 55 38 57 42 36 51 22 7 20 0 0 1 0 1 1 1 0 0 1 1 0 1
30 60 15 16 52 35 18 27 11 30 31 5 19 10 19 58 13 16 5 4 25 28 23 49 9 17 0 1 1 0 1 1 0 1 1 1 0 0 0
53 54 14 18 17 58 56 28 10 12 28 58 13 8 34 33 21 10 53 29 34 48 27 46 52 27 1 1 1 1 0 1 0 1 0 1 1 1 0
40 44 1 16 47 31 49 51 48 44 14 2 38 38 40 47 48 28 46 1 36 28 45 48 8 32 1 1 1 1 1 1 1 0 1 1 1 1 1
48 30 15 6 24 10 50 8 11 60 1 16 9 20 11 34 45 42 60 40 24 20 7 22 50 51 1 1 1 1 1 1 1 1 0 1 0 0 0
26 60 9 27 19 60 31 46 12 28 16 59 3 5 12 25 48 47 22 56 40 16 38 9 16 27 1 1 1 1 1 1 1 0 1 1 0 1 0
35 20 51 27 36 13 33 59 37 4 20 40 44 2 35 56 40 21 57 48 24 46 0 21 38 28 0 1 1 0 0 1 0 0 0 1 0 0 1
50 17 43 13 25 29 1 49 47 33 31 52 52 5 46 24 46 32 40 22 34 60 36 7 32 52 1 1 0 0 1 1 0 1 1 0 0 0 0
35 17 1 2 41 50 42 8 4 5 17 11 55 26 35 55 56 4 45 41 58 6 4 32 7 37 0 1 0 1 0 1 1 1 0 0 1 0 0
0 8 28 44 20 16 36 55 42 24 41 39 53 47 23 30 43 14 57 14 48 57 14 23 3 9 0 0 0 1 1 1 1 1 1 1 1 0 1
23 45 23 55 51 54 36 16 57 52 17 52 32 26 57 24 21 32 46 60 49 56 36 49 13 41 0 0 0 1 0 1 1 1 1 1 0 0 0
35 60 36 10 3 59 47 59 6 2 13 0 4 30 27 1 26 43 8 45 15 8 41 4 54 35 0 0 0 0 1 1 1 1 1 1 0 1 1
27 25 51 19 50 14 37 8 41 5 4 2 38 14 54 14 59 47 39 51 57 34 13 30 8 33 0 1 0 0 1 1 1 1 1 1 1 1 1
59 48 30 1 48 40 22 15 23 53 10 21 20 22 47 11 52 54 29 2 9 44 54 19 46 22 1 0 1 1 1 1 1 0 0 1 1 0 0
12 30 36 60 58 46 51 10 22 13 24 36 50 19 52 43 33 59 48 42 52 54 21 24 11 58 0 0 1 1 0 1 1 1 1 0 1 0 0
31 30 9 10 34 26 23 54 48 46 2 49 12 27 56 27 16 0 57 35 58 11 20 26 60 54 0 1 1 1 1 1 1 0 0 0 1 1 1
60 38 40 46 18 50 5 29 12 45 59 31 7 50 39 18 52 23 30 55 41 19 26 46 37 6 0 0 0 0 0 1 0 0 1 0 1 1 0
56 18 31 32 33 59 52 35 1 55 16 48 6 18 21 37 11 20 27 37 51 12 22 37 25 17 1 0 1 0 0 1 0 1 1 1 1 1 1
46 36 23 54 55 47 15 57 12 37 8 9 20 13 51 44 17 30 13 46 42 1 58 9 45 35 1 1 0 0 0 1 1 1 1 1 1 0 1
10 47 9 36 8 56 33 26 29 4 52 41 12 50 58 56 38 25 59 53 27 10 15 29 29 28 1 1 1 0 1 1 0 1 1 1 1 0 0
44 54 14 44 30 0 48 6 57 33 36 50 42 45 25 56 16 26 23 45 48 10 43 48 50 33 1 1 1 1 0 1 0 1 1 0 0 0 0
9 4 32 17 52 60 16 33 1 9 36 20 39 20 29 9 42 33 13 22 2 44 36 58 32 46 1 0 1 0 0 1 1 1 1 1 1 1 1
22 30 47 48 36 54 31 3 10 16 36 8 34 8 57 13 20 25 11 2 41 41 7 34 0 57 0 1 1 0 1 1 0 0 0 1 0 1 1
58 11 20 54 41 45 51 28 38 15 59 30 30 53 4 28 30 31 55 36 24 18 6 31 52 41 0 1 0 0 0 1 0 0 0 0 0 1 1
47 6 46 0 36 19 17 58 40 59 5 17 13 30 28 50 16 52 34 29 43 50 23 23 55 25 0 1 1 0 1 1 0 0 0 1 0 0 1
17 55 44 11 27 44 23 15 15 45 45 59 21 47 16 27 57 42 44 34 11 10 49 4 32 26 1 0 1 0 1 1 1 0 1 1 0 0 0
7 6 2 12 32 7 56 21 33 39 55 41 47 4 5 37 42 59 9 52 8 21 21 48 19 52 0 1 0 1 1 1 0 0 1 0 1 0 1
46 35 14 21 38 49 31 37 42 38 42 40 40 31 1 1 58 49 13 43 36 6 13 1 15 12 0 1 0 0 1 1 0 1 0 1 1 1 0
50 5 43 24 11 30 27 13 38 19 46 40 29 17 5 41 53 59 42 21 55 24 31 21 39 25 0 0 1 0 0 1 1 1 0 0 1 0 0
28 26 47 13 12 54 43 11 29 35 14 29 32 9 57 19 40 5 4 9 5 53 55 40 55 39 0 0 1 0 1 1 1 0 1 1 1 0 0
29 31 27 42 22 34 51 21 52 35 23 24 1 47 57 34 55 15 29 7 22 51 7 38 19 45 1 1 0 1 1 1 1 1 0 1 0 0 0
49 5 12 34 37 2 10 19 17 25 48 34 60 19 40 14 41 37 15 46 4 54 23 24 25 32 1 1 0 1 0 1 1 1 1 1 0 0 0
11 47 54 8 10 29 25 11 5 5 28 59 10 0 30 12 10 60 43 18 18 2 31 16 6 42 1 1 0 0 0 1 0 1 1 1 0 1 1
39 4 56 21 36 10 16 20 26 44 43 17 21 40 29 29 30 57 16 26 13 18 22 51 20 27 1 1 1 0 0 1 1 1 1 1 0 1 1
30 17 39 10 15 32 29 10 24 48 13 7 25 37 54 11 1 12 21 42 53 15 6 9 31 29 0 1 0 1 1 1 0 1 1 1 1 1 1
41 43 1 26 52 21 42 58 17 15 39 24 49 5 53 41 12 39 20 21 0 34 35 35 44 1 1 1 1 1 0 1 0 1 0 0 1 1 1
9 39 23 43 8 38 30 15 31 46 21 8 60 41 6 47 54 39 33 27 6 9 19 14 49 30 0 0 1 0 0 1 1 1 1 0 1 1 1
50 56 40 31 53 49 5 53 44 2 34 36 13 30 0 45 38 56 44 48 46 17 11 14 31 47 1 1 1 1 0 1 0 1 1 1 1 0 1
29 15 32 58 3 44 25 26 37 50 59 3 18 13 29 11 31 41 33 28 30 35 14 47 46 14 0 0 1 1 0 1 0 1 0 0 1 0 1
33 4 27 0 49 23 37 60 29 20 42 50 23 47 10 58 55 30 9 24 42 25 59 26 48 60 0 1 0 1 0 1 1 1 0 1 0 0 1
49 3 51 41 32 50 3 44 13 58 47 45 9 1 30 53 25 53 57 24 43 21 2 41 13 32 0 1 0 0 1 1 1 1 0 0 1 0 0
11 33 9 28 0 60 48 3 29 52 26 57 37 35 34 39 18 0 27 57 1 46 48 58 43 1 1 0 0 1 1 1 0 1 0 1 1 0 0
49 50 35 23 30 17 6 14 38 9 48 2 48 24 19 36 54 0 39 34 4 40 34 39 55 14 0 0 1 0 0 1 0 1 1 1 0 0 1
15 14 42 11 49 34 60 4 29 32 41 8 35 52 41 42 8 48 4 33 39 26 33 6 23 0 0 1 0 0 0 1 1 1 1 1 1 0 0
11 52 47 22 41 33 0 4 37 40 4 41 20 48 47 8 23 23 28 55 9 6 34 6 25 35 0 1 0 0 0 1 1 1 1 1 0 0 0
5 54 10 32 37 48 24 17 21 37 46 36 18 2 55 27 38 8 49 44 21 4 5 55 46 43 1 0 1 1 0 1 1 1 1 1 1 1 1
57 26 10 36 50 21 30 16 53 25 18 37 35 11 9 6 11 10 45 29 22 40 49 52 46 57 0 0 0 1 1 0 1 1 0 0 1 0 1
12 47 4 14 34 30 34 9 45 17 46 24 37 27 22 34 26 53 13 19 47 20 27 44 12 46 0 0 1 0 1 1 1 0 0 1 1 1 0
48 22 59 29 57 59 30 14 0 47 26 33 21 50 49 7 12 21 58 9 35 26 5 32 53 58 0 0 1 1 0 1 1 1 1 1 0 1 1
52 32 19 7 26 49 8 49 45 1 33 7 27 47 30 30 25 54 14 55 49 7 14 38 20 36 0 1 0 0 0 1 0 1 1 0 1 1 1
21 18 39 53 9 52 15 42 10 48 19 16 35 15 58 49 45 16 6 46 26 15 28 36 46 56 0 1 0 0 0 0 0 0 1 0 0 0 1
39 8 0 2 37 53 24 10 59 60 9 16 11 25 46 54 49 17 10 55 57 1 35 13 42 16 1 1 0 0 0 1 1 1 1 1 1 0 1
34 59 5 43 18 11 30 46 0 57 60 43 14 39 28 5 11 32 51 24 54 35 28 59 28 25 0 0 0 0 0 0 1 1 0 1 1 1 1
50 47 29 4 21 30 51 6 28 46 12 0 17 4 22 25 36 48 14 41 49 48 48 25 5 38 1 1 1 1 0 1 1 0 0 1 0 1 1
43 6 24 38 6 43 39 13 47 11 22 18 23 51 22 52 53 26 41 36 21 19 22 36 22 45 1 0 1 0 0 1 0 1 0 1 0 1 0
48 49 16 39 18 6 1 27 48 31 17 48 22 47 10 4 27 37 5 49 33 5 0 57 19 51 1 1 0 0 0 1 1 0 1 1 0 0 0
50 45 22 23 20 4 22 60 6 35 50 41 1 34 37 14 28 5 39 36 41 54 7 44 25 58 0 0 0 1 0 0 1 1 0 1 0 0 1
38 59 40 54 55 22 21 9 1 60 58 31 14 49 47 10 14 42 0 60 59 26 54 49 4 29 0 1 0 1 1 0 1 0 1 1 1 1 1
5 52 44 45 58 34 50 2 51 34 52 2 1 23 19 6 29 51 20 50 0 51 43 51 49 6 0 0 0 1 0 0 0 1 0 1 0 1 0
16 52 59 60 26 14 44 54 4 8 4 20 16 29 15 35 60 42 40 13 38 14 34 40 31 60 0 0 0 0 0 1 1 0 0 1 0 0 0
5 25 48 17 43 40 9 11 42 8 25 19 36 46 1 42 30 14 16 51 1 24 58 48 41 14 0 1 0 1 0 0 1 1 1 0 0 1 1
44 10 17 14 30 9 36 58 60 54 48 35 27 7 55 19 22 14 28 36 9 26 55 25 3 42 0 1 1 0 1 1 1 0 0 0 1 1 0
23 44 24 22 24 31 34 30 39 60 45 23 34 49 7 52 45 15 47 55 0 45 2 40 59 23 0 1 0 1 1 0 1 1 1 1 0 1 1
26 50 1 10 50 10 15 6 35 2 18 42 23 57 11 51 13 30 27 4 46 6 58 33 2 45 0 0 0 0 0 1 1 1 0 1 1 1 0
10 13 23 30 37 41 44 45 47 26 35 56 35 46 56 47 52 27 25 11 40 13 39 22 57 45 0 0 1 1 1 0 0 0 0 1 0 1 1
35 60 21 7 59 16 11 39 23 14 41 43 48 10 36 40 22 3 29 1 38 37 22 55 11 37 0 1 0 0 0 0 1 1 1 1 1 1 0
52 56 41 36 43 29 30 7 6 48 37 59 12 57 17 8 24 38 10 60 41 5 53 18 38 23 0 1 0 1 1 0 0 1 1 1 1 1 1
37 48 47 28 47 56 23 39 58 9 40 23 38 29 35 36 0 1 15 32 30 33 4 6 21 54 1 0 0 0 1 1 0 1 0 1 0 1 0
39 29 18 25 59 28 58 19 37 10 45 43 30 33 21 60 26 50 17 49 34 39 26 2 10 20 1 1 0 0 1 1 0 1 1 1 0 0 1
41 25 48 29 10 23 8 59 38 26 23 31 36 11 25 54 31 12 7 5 55 7 58 44 51 60 1 0 0 0 0 0 1 0 0 1 1 1 0
27 12 13 44 24 4 59 47 33 19 52 7 39 48 42 50 15 53 55 57 16 11 60 5 21 39 1 0 0 0 0 1 1 0 0 0 1 0 1
17 37 28 29 34 56 58 5 35 13 16 50 42 52 58 44 57 18 16 59 11 5 14 29 5 42 0 1 0 1 0 0 1 1 0 0 0 0 1
16 12 49 52 60 23 24 18 55 17 19 32 45 2 12 14 59 17 16 1 8 12 50 34 50 20 0 1 0 1 0 1 1 0 0 1 1 1 0
46 48 58 60 22 43 9 39 56 53 59 60 58 25 22 26 34 19 49 43 52 55 31 54 11 46 1 0 0 1 0 1 0 0 1 0 0 1 0
20 5 2 60 53 45 23 45 47 2 47 27 53 27 35 6 20 23 45 30 4 35 47 44 15 24 1 0 1 1 0 1 0 1 1 0 0 0 0
4 43 11 32 53 17 19 16 56 54 22 5 55 25 23 2 18 25 52 1 33 58 54 45 59 18 0 0 1 0 0 1 1 1 1 1 1 0 0
45 12 57 46 43 49 42 41 36 51 28 16 60 47 54 49 15 2 57 12 32 38 3 29 34 51 0 1 1 0 0 1 0 1 0 1 0 1 1
41 50 47 60 53 54 46 2 22 58 60 18 14 40 59 29 33 57 47 17 25 45 33 40 15 24 1 0 0 1 1 0 0 0 0 0 0 1 0
42 59 55 42 36 58 48 60 1 59 36 55 9 57 22 60 4 43 47 33 59 31 49 52 37 33 1 1 0 0 0 0 0 0 1 0 1 0 0
31 39 26 36 20 5 40 26 46 13 59 24 60 36 35 7 5 25 33 0 60 55 51 49 54 24 1 1 1 0 1 0 0 0 1 1 0 1 1
46 8 14 59 20 45 18 17 23 23 0 36 49 8 34 33 47 8 7 29 40 20 4 13 56 9 0 1 0 0 0 1 0 0 0 1 1 1 0
44 19 28 26 42 22 30 0 23 49 33 36 42 43 53 10 3 37 35 48 51 50 48 15 13 18 0 0 0 1 0 1 1 1 1 0 1 0 0
22 45 12 6 37 32 51 43 26 25 52 58 60 39 19 8 32 2 47 54 52 4 52 20 42 18 0 0 0 0 0 0 1 1 0 1 0 0 1
37 58 19 19 29 59 40 19 58 35 60 46 44 34 52 59 6 60 50 53 20 4 39 53 12 37 0 1 1 0 1 0 1 1 0 0 0 1 0
6 19 27 60 32 47 13 37 53 33 42 10 50 35 4 48 9 46 40 14 60 33 49 12 21 2 0 0 0 1 1 1 1 1 0 0 0 1 1
46 19 44 60 4 32 5 1 32 9 48 41 23 32 55 55 32 22 24 59 53 6 29 3 3 15 0 1 0 1 1 0 1 0 1 0 1 1 1
47 28 5 29 33 6 3 20 58 14 4 19 60 43 60 10 17 42 5 55 3 16 44 31 10 9 1 0 0 1 1 0 0 1 0 1 0 0 1
28 21 55 35 3 9 33 21 12 49 12 17 52 26 58 17 21 10 22 35 40 24 20 29 32 57 1 1 0 0 1 0 0 1 0 1 0 1 1
0 3 60 45 36 26 13 14 21 50 13 19 1 41 21 37 31 42 12 57 25 23 56 44 3 17 0 0 0 1 0 1 1 0 0 1 1 1 0
23 39 15 27 19 12 56 2 44 17 12 35 58 9 58 14 32 9 52 9 57 30 52 11 7 33 1 1 1 1 0 0 1 0 1 0 1 1 0
4 30 8 17 10 45 1 43 44 4 10 32 39 32 32 18 41 27 45 52 17 6 8 55 32 14 0 1 1 1 0 0 1 1 1 0 0 1 1
16 2 57 47 26 15 14 52 14 33 10 16 24 29 13 52 44 24 38 39 35 9 21 5 12 18 1 0 0 1 0 0 0 0 1 1 1 0 1
14 19 7 17 47 36 51 22 54 21 19 38 21 18 24 45 4 13 51 26 38 8 46 3 13 54 1 0 0 1 1 1 1 0 0 0 1 0 0
22 10 34 47 39 43 16 33 51 25 21 45 19 35 20 11 30 49 44 13 23 0 14 19 2 35 0 1 0 0 0 1 0 0 0 1 0 1 1
2 11 54 11 20 26 59 35 30 22 10 8 60 36 39 39 23 30 37 26 12 33 9 49 43 23 0 1 0 1 0 0 1 1 1 0 1 0 1
14 53 44 27 9 28 43 16 29 9 35 55 58 29 1 24 0 34 28 44 3 20 30 39 57 24 0 1 1 0 0 1 0 1 1 1 0 0 1
53 52 41 8 46 38 20 30 45 50 37 8 60 28 41 42 41 32 25 12 59 42 36 14 0 4 0 1 0 0 0 1 1 1 0 0 1 0 1
49 12 29 27 39 49 0 34 47 45 8 28 22 36 38 52 57 1 10 26 52 30 53 27 39 11 1 1 0 1 1 0 1 1 0 0 0 1 1
54 38 32 50 1 25 26 11 13 11 5 34 60 59 60 38 1 42 19 20 15 32 15 11 9 9 0 1 0 0 0 0 0 1 1 1 0 0 1
27 41 13 27 59 15 51 44 31 25 15 38 42 37 43 47 25 57 15 40 13 3 48 49 6 27 0 0 1 0 1 0 1 0 1 1 0 0 1
48 34 8 25 5 57 23 22 53 54 11 31 58 56 18 11 50 57 53 1 11 56 37 32 44 25 0 0 1 0 0 0 0 0 1 0 1 0 1
12 4 47 42 11 32 41 3 54 6 53 25 32 34 7 26 36 54 11 40 12 16 31 6 20 59 1 0 0 0 1 1 0 0 0 1 1 0 0
30 14 32 48 14 55 34 19 52 8 5 14 5 25 35 10 42 4 44 56 28 33 25 7 10 46 1 0 1 0 0 0 0 0 0 0 0 0 0
18 37 12 46 47 11 50 4 41 51 60 58 30 37 46 49 42 47 36 37 19 37 21 48 27 50 1 0 0 0 0 0 1 0 0 0 1 1 1
22 18 46 52 36 7 29 35 35 51 34 38 60 52 25 13 32 60 59 22 7 39 58 24 56 29 0 0 1 1 0 0 1 1 1 0 1 0 1
50 31 4 47 8 42 25 32 1 39 48 18 60 58 23 33 28 56 40 55 14 52 19 44 20 37 0 1 1 1 0 0 1 0 1 1 1 1 1
49 51 18 34 45 20 14 10 50 22 54 26 11 1 31 10 52 25 50 14 17 9 47 40 12 18 0 0 1 1 1 1 1 0 1 1 1 1 0
32 57 59 36 42 24 17 39 11 25 41 56 40 20 33 56 37 33 60 8 11 41 37 51 28 52 1 0 1 0 0 1 0 0 1 1 1 0 1
35 38 17 30 53 49 21 37 52 8 29 46 42 38 26 8 26 28 27 52 15 34 25 25 35 57 0 0 0 0 1 1 1 1 1 1 1 1 0
20 21 33 47 16 28 50 4 34 45 48 48 60 49 40 0 16 19 12 47 42 9 31 21 50 17 0 1 0 1 0 0 0 0 0 0 1 1 1
19 49 38 55 13 55 10 42 26 22 22 19 6 30 28 12 36 50 41 29 32 23 53 54 29 40 0 0 0 1 1 0 1 1 1 1 0 1 0
19 55 46 56 11 10 18 34 15 9 58 1 59 16 32 29 7 35 48 22 15 1 6 29 33 7 0 1 1 1 1 1 1 0 1 0 0 1 0
9 39 18 15 33 49 19 29 11 43 47 30 45 21 18 13 57 57 3 41 51 40 43 58 47 57 1 0 0 0 0 0 0 0 0 1 0 0 0
1 15 43 8 23 11 17 7 53 25 21 29 17 34 20 50 58 6 48 36 1 1 1 19 10 21 1 1 0 0 0 1 0 1 1 1 1 1 0
8 49 24 57 31 38 20 31 49 7 59 44 20 10 5 27 48 43 20 13 16 44 57 26 8 40 0 0 1 1 0 0 1 1 1 1 1 0 0
13 25 59 51 24 25 49 49 41 0 39 4 60 60 48 20 9 56 33 22 27 54 2 46 32 14 0 1 1 1 0 0 0 0 0 0 1 1 1
29 54 18 48 50 15 32 46 25 11 1 16 38 60 46 27 23 35 41 34 37 55 20 41 46 28 1 1 1 0 0 0 0 0 0 1 0 0 0
32 33 42 58 43 7 59 2 36 55 37 35 19 21 0 14 27 55 51 49 48 21 59 22 19 53 0 0 0 1 1 0 1 0 0 1 1 0 0
49 37 37 45 43 4 12 6 27 1 36 22 38 8 57 52 53 55 18 0 29 5 29 34 54 24 0 0 1 1 1 0 0 0 0 0 0 1 0
54 12 57 34 19 15 10 24 35 29 36 28 60 3 55 52 38 44 31 14 53 48 11 47 22 54 1 1 0 0 1 1 1 1 1 0 1 1 1
17 14 41 30 43 15 37 8 48 41 38 9 60 44 10 42 34 44 39 23 6 57 36 32 48 38 0 0 1 0 1 0 0 0 1 0 1 1 1
38 27 33 31 40 38 46 9 3 1 38 47 38 31 35 19 34 53 36 33 31 11 9 49 51 43 0 0 1 0 0 1 0 0 0 1 0 0 0
55 55 58 29 58 39 6 60 8 48 39 15 46 54 58 0 24 24 39 20 38 12 41 18 34 48 0 1 0 0 0 0 0 1 1 1 0 0 1
21 29 24 56 31 52 19 32 22 43 43 24 57 19 26 4 52 18 32 11 19 54 27 54 9 44 1 1 1 1 0 0 1 0 1 1 0 1 0
46 42 20 21 0 48 48 23 32 3 44 35 36 49 17 17 48 15 7 1 43 60 34 8 9 8 0 0 0 1 1 0 0 1 1 1 0 0 1
53 56 31 34 9 49 38 32 27 5 23 6 12 2 39 54 17 53 37 11 4 52 49 5 17 15 1 1 0 0 1 1 1 1 0 0 0 1 0
29 55 28 15 11 38 26 18 47 1 0 57 60 12 46 21 45 48 12 4 31 59 5 28 21 26 0 1 0 0 0 0 0 0 1 0 1 0 1
14 29 37 1 21 25 18 21 37 17 15 23 10 52 38 12 1 25 34 32 41 60 33 55 42 1 0 1 0 1 0 1 0 0 0 0 1 1 0
35 2 3 57 48 60 38 21 57 17 55 52 41 57 6 55 49 31 2 30 9 13 60 19 51 23 0 0 0 0 0 1 1 0 1 0 0 1 0
35 13 6 37 18 29 16 27 1 21 50 42 43 31 26 28 8 19 37 1 51 26 54 7 5 58 1 1 0 0 1 1 1 1 1 0 1 0 0
55 45 32 1 37 54 37 51 8 33 16 59 14 8 27 39 58 43 39 5 13 20 8 7 54 44 0 1 1 1 1 0 0 0 0 0 1 1 0
48 28 46 19 17 10 34 25 50 26 53 33 44 59 50 33 40 29 45 58 18 48 20 56 37 37 0 1 1 1 0 0 1 1 1 1 0 0 0
48 56 36 34 55 56 27 26 38 48 8 55 17 51 41 9 19 14 5 52 51 49 55 16 30 50 1 1 1 1 1 0 1 1 0 0 0 1 0
11 15 51 24 14 7 53 29 49 1 41 19 60 7 15 1 59 52 16 15 33 48 49 19 3 16 1 0 1 1 0 1 0 1 0 1 0 1 1
59 8 10 17 27 17 24 15 29 51 24 42 23 46 0 36 12 36 25 59 11 19 36 36 59 55 1 1 0 1 0 1 0 1 1 1 0 1 0
31 42 57 5 27 9 28 54 38 16 6 7 57 33 46 0 13 58 8 4 12 24 22 59 24 59 1 0 0 0 1 1 0 1 1 0 0 1 1
8 27 37 37 3 1 48 41 0 13 15 20 51 42 43 25 38 24 48 42 18 16 20 30 6 18 0 1 1 0 0 0 1 0 1 0 1 0 1
38 42 14 15 18 43 39 32 18 48 51 8 20 50 49 15 46 30 7 54 35 48 57 11 2 27 1 1 1 1 1 1 0 1 1 0 0 0 0
15 38 44 32 40 26 56 4 14 9 54 47 60 3 0 41 18 40 48 25 45 49 44 58 46 21 1 1 0 0 1 1 1 0 1 1 0 0 1
8 41 58 3 57 6 48 35 4 4 18 36 60 31 21 27 47 52 8 59 13 51 59 28 28 28 0 0 0 1 1 0 1 1 1 0 0 0 1
33 35 36 43 42 28 45 58 49 35 45 20 60 26 33 52 4 12 35 30 47 28 8 15 7 40 1 1 0 0 1 0 1 1 0 1 0 0 1
23 37 7 6 32 28 52 38 11 16 60 29 60 30 14 31 7 27 26 32 21 55 25 12 35 27 1 1 1 1 1 0 0 1 1 1 1 1 1
48 34 25 9 18 20 38 3 30 13 26 17 20 8 14 57 34 57 50 35 4 1 57 22 1 56 0 0 0 1 1 1 0 0 0 1 0 0 0
22 9 2 26 45 39 56 23 45 53 20 19 34 5 30 59 38 22 23 24 1 55 38 33 51 14 1 1 1 1 1 1 0 1 0 1 0 1 1
36 14 50 38 59 53 10 16 50 26 28 6 23 45 13 31 47 53 8 20 37 4 56 60 52 7 1 0 1 0 1 0 1 0 0 1 1 0 0
20 39 50 40 60 48 30 42 16 37 39 8 1 46 3 17 20 24 21 45 40 49 56 16 52 39 1 1 0 0 0 0 0 0 0 0 0 1 0
25 11 30 47 33 41 23 17 42 21 0 54 60 8 19 31 10 23 32 51 45 52 49 16 3 33 1 1 0 0 1 0 0 1 0 1 0 0 1
47 33 54 35 46 56 5 43 51 20 25 8 60 6 1 38 25 53 43 43 42 27 39 38 33 18 0 1 0 0 0 1 1 1 0 1 0 0 1
2 48 17 39 29 22 60 14 13 12 43 56 25 25 54 46 3 20 41 22 49 52 19 53 32 46 1 0 1 0 1 0 0 0 1 0 0 0 0
14 43 24 32 6 27 2 15 15 16 48 43 23 23 0 22 34 32 11 21 5 12 21 34 18 30 1 0 1 0 0 1 0 1 1 1 1 1 1
50 51 43 6 31 15 36 41 57 27 3 15 50 53 45 44 31 45 44 20 53 50 55 33 3 21 1 0 1 0 0 1 0 0 1 1 1 1 0
56 33 32 34 25 35 20 45 23 57 60 30 46 5 46 21 43 50 41 2 52 45 15 44 60 42 1 1 1 0 1 1 1 0 0 0 0 0 0
42 0 28 58 16 25 40 42 21 9 31 18 60 45 21 5 47 37 39 45 27 52 7 58 48 57 0 1 1 1 0 0 0 0 1 1 1 1 0
28 11 0 39 17 23 0 1 29 12 33 60 57 30 13 14 55 48 51 41 26 40 10 5 13 60 1 0 1 1 1 1 0 0 0 1 0 1 1
