0
0
0.04771039467980609
0
0.1000610225968267
0.5915388801912473
0.6853923892069789
0.6122495699692028
0.002823957793091303
0
0.699559904765041
0.6075387648163348
0.6394800510583116
0.05097483234520939
0.6712482383555187
0.5782269297180804
0.6661050811922429
0.5542965281559689
0.6747709704478151
0.5884846513791286
0.6572747042727161
0.6312229261589213
0.5967875333816576
0.6137816521662722
0.5436742990442482
0.6158151649800201
0.5536342946348478
0.618623848860791
0.6426475111014225
0.6220498175467659
0.6371255752659104
0.5872191018167854
0.5484457586457558
0.5523266708513905
0.6221961611285448
0.6007448445047863
0.5484457586457558
0.6411534161270014
0.5484457586457558
0.5994598741283648
0.601485542836629
0.5777346719827301
0.5872626061570909
0.5996423238831432
0.5524379555065129
0.6338531057765875
0.5484457586457558
0.5948181223649598
0.5523266708513905
0.5777346719827301
0.5484457586457558
0.5765297341301066
0.5994598741283648
0.5996423238831432
0.5844384620979273
0.5844384620979273
0.6318135251529499
0.6186006791386875
0.618623848860791
0.6318135251529499
0.5996423238831432
0.6186006791386875
0.6136999080733376
0.5996423238831432
0.5846978535790572
0.5844384620979273
0.6014240863158623
0.5996423238831432
0.6186236882727449
0.5777346719827301
0.5994598741283648
0.5996423238831432
0.5844384620979273
0.5967875333816576
0.5844384620979273
0.5844384620979273
0.5484457586457558
0.6186006791386875
0.5844384620979273
0.5484457586457558
0.5844384620979273
0.5996423238831432
0.5994598741283648
0.5844384620979273
0.5844384620979273
0.5844384620979273
0.5777346719827301
0.516013596121859
0.5844384620979273
0.5844384620979273
0.5844384620979273
0.5844384620979273
0.5996423238831432
0.5777346719827301
0.5844384620979273
0.5844384620979273
0.5844384620979273
0.5844384620979273
0.5844384620979273
0.5996423238831432
0.5844384620979273
0.5844384620979273
0.5844384620979273
0.5844384620979273
0.5844384620979273
0.5996423238831432
0.5844384620979273
0.5996423238831432
0.5844384620979273
0.5844384620979273
0.5844384620979273
0.5844384620979273
0.5996423238831432
0.5844384620979273
0.5996423238831432
0.5844384620979273
0.5765297341301066
0.5996423238831432
0.5844384620979273
0.5996423238831432
0.5844384620979273
0.5844384620979273
0.5994598741283648
0.5844384620979273
0.5996423238831432
0.5996423238831432
0.5996423238831432
0.5844384620979273
0.5844384620979273
0.5996423238831432
0.5844384620979273
0.5844384620979273
0.5996423238831432
0.618623848860791
0.5996423238831432
0.5996423238831432
0.5996423238831432
0.6136999080733376
0.618623848860791
0.5996423238831432
0.5996423238831432
0.5996423238831432
0.5996423238831432
0.5996423238831432
0.618623848860791
0.5996423238831432
0.5996423238831432
0.5996423238831432
0.5996423238831432
0.5996423238831432
0.6158151649800201
0.5996423238831432
0.6136999080733376
0.5996423238831432
0.5844384620979273
0.6562459515661749
0.618623848860791
0.5996423238831432
0.5996423238831432
0.5996423238831432
0.5844384620979273
0.6318135251529499
0.5996423238831432
0.6136999080733376
0.6136999080733376
0.5996423238831432
0.5996423238831432
0.5996423238831432
0.6136999080733376
0.5996423238831432
0.6003621232093129
0.5844384620979273
0.5996423238831432
0.5844384620979273
0.5765297341301066
0.5996423238831432
0.5989523439400547
0.5996423238831432
0.5996423238831432
0.5996423238831432
0.6136999080733376
0.5844384620979273
0.6136999080733376
0.5996423238831432
0.5996423238831432
0.5996423238831432
0.5996423238831432
0.5996423238831432
0.5996423238831432
0.5996423238831432
0.5996423238831432
0.6136999080733376
0.5996423238831432
0.5996423238831432
0.5996423238831432
0.6158151649800201
0.6158151649800201
0.6158151649800201
0.5996423238831432
0.5996423238831432
0.6132468256493646
0.6136999080733376
0.6136999080733376
0.5996423238831432
0.5996423238831432
0.5996423238831432
0.5996423238831432
0.5996423238831432
0.5996423238831432
0.6158151649800201
0.6688268521819449
0.6136999080733376
0.6158151649800201
0.6136999080733376
0.6136999080733376
0.6136999080733376
0.6136999080733376
0.6136999080733376
0.5996423238831432
0.5996423238831432
0.6158151649800201
0.6136999080733376
0.6562459515661749
0.6136999080733376
0.6136999080733376
0.6136999080733376
0.6158151649800201
0.5996423238831432
0.6562459515661749
0.6136999080733376
0.6136999080733376
0.5844384620979273
0.5996423238831432
0.5996423238831432
0.6136999080733376
0.5996423238831432
0.6136999080733376
0.5844384620979273
0.6158151649800201
0.6136999080733376
0.6136999080733376
0.6158151649800201
0.6136999080733376
0.6158151649800201
0.5844384620979273
0.5844384620979273
0.5996423238831432
0.6562459515661749
0.5844384620979273
0.5777346719827301
0.5844384620979273
0.5996423238831432
0.5844384620979273
0.5844384620979273
0.5996423238831432
0.5844384620979273
0.6562459515661749
0.6158151649800201
0.618623848860791
0.5844384620979273
0.6158151649800201
0.6136999080733376
0.6562459515661749
0.5777346719827301
0.5996423238831432
0.5844384620979273
0.5484457586457558
0.5844384620979273
0.5484457586457558
0.5777346719827301
0.5844384620979273
0.5777346719827301
0.5844384620979273
0.5777346719827301
0.5844384620979273
0.5844384620979273
0.5777346719827301
0.5844384620979273
0.5844384620979273
0.5777346719827301
0.5844384620979273
0.5844384620979273
0.5844384620979273
0.5484457586457558
0.5844384620979273
0.5996423238831432
0.6221961611285448
0.6221961611285448
0.5844384620979273
0.6382879704722682
0.5996423238831432
0.6562459515661749
0.6562459515661749
0.6562459515661749
0.6382879704722682
0.6221961611285448
0.6562459515661749
0.6221961611285448
0.6562459515661749
0.6562459515661749
0.6562459515661749
0.6688268521819449
0.6562459515661749
0.6688268521819449
0.6562459515661749
0.6562459515661749
0.6558392136912504
0.6562459515661749
0.6562459515661749
0.5844384620979273
0.6688268521819449
0.6562459515661749
0.6136999080733376
0.6562459515661749
0.6562459515661749
0.6562459515661749
0.5996423238831432
0.6562459515661749
0.6562459515661749
0.6562459515661749
0.6562459515661749
0.6562459515661749
0.6562459515661749
0.6562459515661749
0.6562459515661749
0.6562459515661749
0.6562459515661749
0.6221961611285448
0.6562459515661749
0.5989523439400547
0.6562459515661749
0.5777346719827301
0.6562459515661749
0.6562459515661749
0.6562459515661749
0.5996423238831432
0.6562459515661749
0.6562459515661749
0.6221961611285448
0.6562459515661749
0.6562459515661749
0.6562459515661749
0.5915100046712521
0.6562459515661749
0.6562459515661749
0.6562459515661749
0.5996423238831432
0.6562459515661749
0.6562459515661749
0.6562459515661749
0.6562459515661749
0.5915100046712521
0.6562459515661749
0.6562459515661749
0.6562459515661749
0.6562459515661749
0.6562459515661749
0.5996423238831432
0.6562459515661749
0.6562459515661749
0.6562459515661749
0.6562459515661749
0.6562459515661749
0.6562459515661749
0.6562459515661749
0.6562459515661749
0.6562459515661749
0.6562459515661749
0.6562459515661749
0.6562459515661749
0.6562459515661749
0.6562459515661749
0.6562459515661749
0.6562459515661749
0.6562459515661749
0.6562459515661749
0.6562459515661749
0.6562459515661749
0.6562459515661749
0.6562459515661749
0.6562459515661749
0.6562459515661749
0.6688268521819449
0.6562459515661749
0.6562459515661749
0.6562459515661749
0.6562459515661749
0.6562459515661749
0.6562459515661749
0.6562459515661749
0.6562459515661749
0.6562459515661749
0.6562459515661749
0.6562459515661749
0.6562459515661749
0.6562459515661749
0.6562459515661749
0.6562459515661749
0.6562459515661749
0.6562459515661749
0.6562459515661749
0.6562459515661749
0.6562459515661749
0.6688268521819449
0.6562459515661749
0.6562459515661749
0.6562459515661749
0.6562459515661749
0.6562459515661749
0.6562459515661749
0.6562459515661749
0.6562459515661749
0.6562459515661749
0.6562459515661749
0.6562459515661749
0.6562459515661749
0.6562459515661749
0.6562459515661749
0.6562459515661749
0.6562459515661749
0.6562459515661749
0.6562459515661749
0.6562459515661749
0.6562459515661749
0.6562459515661749
0.6562459515661749
0.6562459515661749
0.6382879704722682
0.6562459515661749
0.6562459515661749
0.6562459515661749
0.6562459515661749
0.6562459515661749
0.6562459515661749
0.6562459515661749
0.6562459515661749
0.6562459515661749
0.6562459515661749
0.6562459515661749
0.6562459515661749
0.6562459515661749
0.6562459515661749
0.6562459515661749
0.6562459515661749
0.6562459515661749
0.6562459515661749
0.6562459515661749
0.6562459515661749
0.6562459515661749
0.6562459515661749
0.6562459515661749
0.6562459515661749
0.6562459515661749
0.6562459515661749
0.6562459515661749
0.6562459515661749
0.6562459515661749
0.6562459515661749
0.6562459515661749
0.6562459515661749
0.6562459515661749
0.6562459515661749
0.6562459515661749
0.6562459515661749
0.6562459515661749
0.6562459515661749
0.6562459515661749
0.6562459515661749
0.6562459515661749
0.6562459515661749
0.6562459515661749
0.6562459515661749
0.6562459515661749
0.6562459515661749
0.6562459515661749
0.6562459515661749
0.6562459515661749
0.6562459515661749
0.6562459515661749
0.6562459515661749
0.6562459515661749
0.6562459515661749
0.6562459515661749
0.6562459515661749
0.6562459515661749
0.6562459515661749
0.6562459515661749
0.6562459515661749
0.6562459515661749
0.6562459515661749
0.6562459515661749
0.6562459515661749
0.6562459515661749
0.6562459515661749
0.6562459515661749
0.6562459515661749
0.6562459515661749
0.6562459515661749
0.6562459515661749
0.6562459515661749
0.5996423238831432
0.6562459515661749
0.6562459515661749
0.6562459515661749
0.6562459515661749
0.6562459515661749
0.6562459515661749
0.6562459515661749
0.6562459515661749
0.6562459515661749
0.6562459515661749
0.6562459515661749
0.6562459515661749
0.6562459515661749
0.6562459515661749
0.6562459515661749
0.6562459515661749
0.6562459515661749
0.6562459515661749
0.6562459515661749
0.6562459515661749
0.6562459515661749
0.6562459515661749
0.6562459515661749
0.6562459515661749
0.6562459515661749
0.6562459515661749
0.6562459515661749
0.6562459515661749
0.6562459515661749
0.6562459515661749
0.6562459515661749
0.6562459515661749
0.6562459515661749
0.6562459515661749
0.6562459515661749
0.6562459515661749
0.6562459515661749
0.6562459515661749
0.6562459515661749
0.6562459515661749
0.6562459515661749
0.6562459515661749
0.6562459515661749
0.6562459515661749
0.6562459515661749
0.6562459515661749
0.6562459515661749
0.6562459515661749
0.6562459515661749
0.6562459515661749
0.6562459515661749
0.6562459515661749
0.6562459515661749
0.6562459515661749
0.6562459515661749
0.6562459515661749
0.6562459515661749
0.6562459515661749
0.6562459515661749
0.6562459515661749
0.6562459515661749
0.6562459515661749
0.6562459515661749
0.6562459515661749
0.6562459515661749
0.6562459515661749
0.6562459515661749
0.6562459515661749
0.6562459515661749
0.6562459515661749
0.6562459515661749
0.6562459515661749
0.6562459515661749
0.6562459515661749
0.6562459515661749
0.6562459515661749
0.6562459515661749
0.6562459515661749
0.6562459515661749
0.6562459515661749
0.6562459515661749
0.6562459515661749
0.6562459515661749
0.6562459515661749
0.6562459515661749
0.6562459515661749
0.6562459515661749
0.6562459515661749
0.6562459515661749
0.6562459515661749
0.6562459515661749
0.6562459515661749
0.6562459515661749
0.6562459515661749
0.6562459515661749
0.6562459515661749
0.6562459515661749
0.6562459515661749
0.6562459515661749
0.6562459515661749
0.6562459515661749
0.6562459515661749
0.6562459515661749
0.6562459515661749
0.6562459515661749
0.6562459515661749
0.6562459515661749
0.6562459515661749
0.6562459515661749
0.6562459515661749
0.6562459515661749
0.6562459515661749
0.6562459515661749
0.6562459515661749
0.6562459515661749
0.6562459515661749
0.6562459515661749
0.6562459515661749
0.6562459515661749
0.6562459515661749
0.6562459515661749
0.6562459515661749
0.6562459515661749
0.6562459515661749
0.6562459515661749
0.6562459515661749
0.6562459515661749
0.6562459515661749
0.6562459515661749
0.6562459515661749
0.6562459515661749
0.6562459515661749
0.6562459515661749
0.6562459515661749
0.6562459515661749
0.6562459515661749
0.6562459515661749
0.6562459515661749
0.6562459515661749
0.6562459515661749
0.6562459515661749
0.6562459515661749
0.6562459515661749
0.6562459515661749
0.6562459515661749
0.6562459515661749
0.6562459515661749
0.6562459515661749
0.6562459515661749
0.6562459515661749
0.6562459515661749
0.6562459515661749
0.6562459515661749
0.6562459515661749
0.6562459515661749
0.6562459515661749
0.6562459515661749
0.6562459515661749
0.6562459515661749
0.6562459515661749
0.6562459515661749
0.6562459515661749
0.6562459515661749
0.6562459515661749
0.6562459515661749
0.6562459515661749
0.6562459515661749
0.6562459515661749
0.6562459515661749
0.6562459515661749
0.6688268521819449
0.6562459515661749
0.6562459515661749
0.6562459515661749
0.6562459515661749
0.6562459515661749
0.6562459515661749
0.6562459515661749
0.6562459515661749
0.6562459515661749
0.6562459515661749
0.6562459515661749
0.6562459515661749
0.6562459515661749
0.6562459515661749
0.6562459515661749
0.6562459515661749
0.6562459515661749
0.6562459515661749
0.6562459515661749
0.6562459515661749
0.6562459515661749
0.6562459515661749
0.6562459515661749
0.6562459515661749
0.6562459515661749
0.6562459515661749
0.6562459515661749
0.6562459515661749
0.6562459515661749
0.6562459515661749
0.6562459515661749
0.6562459515661749
0.6562459515661749
0.6562459515661749
0.6562459515661749
0.6562459515661749
0.6562459515661749
0.6562459515661749
0.6562459515661749
0.6562459515661749
0.6562459515661749
0.6562459515661749
0.6562459515661749
0.6562459515661749
0.6562459515661749
0.6562459515661749
0.6562459515661749
0.6562459515661749
0.6562459515661749
0.6562459515661749
0.6562459515661749
0.6562459515661749
0.6562459515661749
0.6562459515661749
0.6562459515661749
0.6562459515661749
0.6562459515661749
0.6562459515661749
0.6562459515661749
0.6562459515661749
0.6562459515661749
0.6562459515661749
0.6562459515661749
0.6562459515661749
0.6562459515661749
0.6562459515661749
0.6562459515661749
0.6562459515661749
0.6562459515661749
0.6562459515661749
0.6562459515661749
0.6562459515661749
0.6562459515661749
0.6688268521819449
0.6562459515661749
0.6562459515661749
0.6562459515661749
0.6562459515661749
0.6562459515661749
0.6562459515661749
0.6562459515661749
0.6562459515661749
0.6562459515661749
0.6562459515661749
0.6562459515661749
0.6562459515661749
0.6562459515661749
0.6562459515661749
0.6562459515661749
0.6562459515661749
0.6562459515661749
0.6562459515661749
0.6562459515661749
0.6562459515661749
0.6562459515661749
0.6562459515661749
0.6562459515661749
0.6562459515661749
0.6562459515661749
0.6562459515661749
0.6562459515661749
0.6562459515661749
0.6562459515661749
0.6562459515661749
0.6562459515661749
0.6562459515661749
0.6562459515661749
0.6562459515661749
0.6562459515661749
0.6562459515661749
0.6562459515661749
0.6562459515661749
0.6562459515661749
0.6562459515661749
0.6562459515661749
0.6562459515661749
0.6562459515661749
0.6562459515661749
0.6562459515661749
0.6562459515661749
0.6562459515661749
0.6562459515661749
0.6562459515661749
0.6562459515661749
0.6562459515661749
0.6562459515661749
0.6562459515661749
0.6562459515661749
0.6562459515661749
0.6562459515661749
0.6562459515661749
0.6688268521819449
0.6382879704722682
0.6688268521819449
0.6688268521819449
0.6562459515661749
0.6688268521819449
0.6688268521819449
0.6688268521819449
0.6688268521819449
0.6688268521819449
0.6688268521819449
0.6688268521819449
0.6688268521819449
0.6688268521819449
0.6382879704722682
0.6701307017360503
0.6562459515661749
0.6543110140148065
0.6569471957454309
0.6688268521819449
0.6565812585774167
0.6812244444522726
0.5783465207160308
0.6886147671230276
0.6551538113035811
0.6913612679786849
0.6342972243210715
0.6815439775916494
0.6901464071189588
0.6811499039709814
0.682322934782851
0.6207184027351705
0.6918848557978657
0.6420381519551046
0.6897711957828574
0.6822471877457834
0.6913612679786849
0.6885903298264247
0.6554331759889511
0.6822471877457834
0.5915100046712521
0.6828832148245434
0.6890729181692903
0.5844384620979273
0.6822615277038786
0.6587039548249893
0.6822471877457834
0.690006081163792
0.6809988026716509
0.6815252462163692
0.6822471877457834
0.6821635426911075
0.6897711957828574
0.6814552078061742
0.6811499039709814
0.6877487479221662
0.6821857195112626
0.6811499039709814
0.6822471877457834
0.6822471877457834
0.6180069735694893
0.6811499039709814
0.6811499039709814
0.6892572779897954
0.6811499039709814
0.6822471877457834
0.6822471877457834
0.6811499039709814
0.6811499039709814
0.6811499039709814
0.6822471877457834
0.6811499039709814
0.6814552078061742
0.6811499039709814
0.6822471877457834
0.6811499039709814
0.6811499039709814
0.6811499039709814
0.6822471877457834
0.6811499039709814
0.6877487479221662
0.6811499039709814
0.6811499039709814
0.6822471877457834
0.6811499039709814
0.6811499039709814
0.6811499039709814
0.6562459515661749
0.6811499039709814
0.6811499039709814
0.6822471877457834
0.6822471877457834
0.6821857195112626
0.6822471877457834
0.6811499039709814
0.6817310334918181
0.6827449345346119
0.6822471877457834
0.6877487479221662
0.6822471877457834
0.6811499039709814
0.6822471877457834
0.6820455248592401
0.6811499039709814
0.6811499039709814
0.6811499039709814
0.6811499039709814
0.6821857195112626
0.6811499039709814
0.6811499039709814
0.6811499039709814
0.6811499039709814
0.6822471877457834
0.6811499039709814
0.6822471877457834
0.6822471877457834
0.6811499039709814
0.6811499039709814
0.6811499039709814
0.6811499039709814
0.6822471877457834
0.6822471877457834
0.6811499039709814
0.6811499039709814
0.6822471877457834
0.6811499039709814
0.6811499039709814
0.6811499039709814
0.6811499039709814
0.6811499039709814
0.6811499039709814
0.6822471877457834
0.6811499039709814
0.6811499039709814
0.6811499039709814
0.6822471877457834
0.6811499039709814
0.6817310334918181
0.6811499039709814
0.6811499039709814
0.6811499039709814
0.6811499039709814
0.6811499039709814
0.6822471877457834
0.6811499039709814
0.6822471877457834
0.6817310334918181
0.6811499039709814
0.6811499039709814
0.6811499039709814
0.6811499039709814
0.6811499039709814
0.6822471877457834
0.6822471877457834
0.6811499039709814
0.6811499039709814
0.6811499039709814
0.6822471877457834
0.6827449345346119
0.6822471877457834
0.6811499039709814
0.6827449345346119
0.6827449345346119
0.6811499039709814
0.6827449345346119
0.6822471877457834
0.6822471877457834
0.6811499039709814
0.6822471877457834
0.6827449345346119
0.6823844083398849
0.6822471877457834
0.6822471877457834
0.6811499039709814
0.6811499039709814
0.6811499039709814
0.6811499039709814
0.6827449345346119
0.6811499039709814
0.6811499039709814
0.6811499039709814
0.6811499039709814
0.6811499039709814
0.6811499039709814
0.6811499039709814
0.6811499039709814
0.6811499039709814
0.6822471877457834
0.6811499039709814
0.6822471877457834
0.6827449345346119
0.6811499039709814
0.6825233692896502
0.6811499039709814
0.6811499039709814
0.6811499039709814
0.6811499039709814
