-0.02646643998171827
-0.13760314032205057
-0.07904193088377442
0
0.07506520857554266
0.001674511896312847
0.6170658464917591
0.5376954826148272
-0.020379780393984026
0
0.6190260049334716
0.5361747019753613
0.5918633503872608
0.05097483234520939
0.5777142331881339
0.556321230843263
0.47180230585195393
0.5124595589569889
0.6217403761396458
0.5884846513791286
0.6572747042727161
0.6312229261589213
0.5217939987585046
0.5256948781698365
0.5165572393947078
0.6136999080733376
0.543864608717424
0.5727494562065812
0.6220498175467659
0.6220498175467659
0.6236918242326921
0.5872191018167854
0.5422477743339085
0.543864608717424
0.5780420550558685
0.5777346719827301
0.543864608717424
0.5476734003108807
0.5484457586457558
0.5523927408456184
0.601485542836629
0.5763431703769695
0.5256948781698365
0.5256948781698365
0.543864608717424
0.6338531057765875
0.5256948781698365
0.5146821538697317
0.5124675577574048
0.5777346719827301
0.5256948781698365
0.5765297341301066
0.5523266708513905
0.543864608717424
0.5844384620979273
0.5765297341301066
0.6317946594271895
0.6185595198932011
0.5996423238831432
0.6136999080733376
0.5996423238831432
0.6136999080733376
0.6136999080733376
0.5996423238831432
0.5846978535790572
0.5124675577574048
0.6014240863158623
0.5989523439400547
0.6186236882727449
0.5765297341301066
0.5994273027577619
0.5872191018167854
0.5844384620979273
0.5967875333816576
0.5844384620979273
0.5844384620979273
0.543864608717424
0.6186006791386875
0.5844384620979273
0.543864608717424
0.5844384620979273
0.5996423238831432
0.5994598741283648
0.5844384620979273
0.5844384620979273
0.5844384620979273
0.5777346719827301
0.516013596121859
0.5844384620979273
0.5844384620979273
0.5844384620979273
0.5844384620979273
0.5996423238831432
0.5765297341301066
0.5844384620979273
0.5844384620979273
0.5844384620979273
0.5844384620979273
0.5844384620979273
0.5996423238831432
0.5844384620979273
0.5844384620979273
0.5844384620979273
0.5844384620979273
0.5844384620979273
0.5996423238831432
0.5844384620979273
0.5996423238831432
0.5844384620979273
0.5844384620979273
0.5844384620979273
0.5844384620979273
0.5996423238831432
0.5844384620979273
0.5996423238831432
0.5844384620979273
0.5765297341301066
0.5996423238831432
0.5844384620979273
0.5996423238831432
0.5844384620979273
0.5844384620979273
0.5994598741283648
0.5844384620979273
0.5996423238831432
0.5996423238831432
0.5996423238831432
0.5844384620979273
0.5844384620979273
0.5996423238831432
0.5844384620979273
0.5844384620979273
0.5996423238831432
0.618623848860791
0.5996423238831432
0.5996423238831432
0.5996423238831432
0.6136999080733376
0.5994598741283648
0.5996423238831432
0.5996423238831432
0.5996423238831432
0.5996423238831432
0.5996423238831432
0.618623848860791
0.5996423238831432
0.5996423238831432
0.5996423238831432
0.5996423238831432
0.5996423238831432
0.6136999080733376
0.5996423238831432
0.6136999080733376
0.5996423238831432
0.5844384620979273
0.6562459515661749
0.618623848860791
0.5996423238831432
0.5996423238831432
0.5996423238831432
0.5844384620979273
0.6317946594271895
0.5996423238831432
0.6136999080733376
0.6136999080733376
0.5996423238831432
0.5996423238831432
0.5996423238831432
0.6136999080733376
0.5996423238831432
0.6003621232093129
0.5765297341301066
0.5996423238831432
0.5844384620979273
0.5765297341301066
0.5996423238831432
0.5989523439400547
0.5996423238831432
0.5996423238831432
0.5996423238831432
0.6136999080733376
0.5781335134844242
0.6136999080733376
0.5996423238831432
0.5996423238831432
0.5996423238831432
0.5996423238831432
0.5996423238831432
0.5996423238831432
0.5996423238831432
0.5996423238831432
0.6136999080733376
0.5996423238831432
0.5996423238831432
0.5996423238831432
0.6136999080733376
0.6136999080733376
0.6136999080733376
0.5996423238831432
0.5996423238831432
0.6132468256493646
0.6136999080733376
0.6136999080733376
0.5996423238831432
0.5996423238831432
0.5996423238831432
0.5996423238831432
0.5996423238831432
0.5996423238831432
0.6158151649800201
0.6688268521819449
0.6136999080733376
0.6136999080733376
0.6136999080733376
0.6136999080733376
0.6136999080733376
0.6136999080733376
0.6136999080733376
0.5996423238831432
0.5996423238831432
0.6136999080733376
0.6136999080733376
0.6562459515661749
0.6136999080733376
0.6136999080733376
0.6136999080733376
0.6136999080733376
0.5996423238831432
0.6562459515661749
0.6136999080733376
0.6136999080733376
0.5844384620979273
0.5996423238831432
0.5996423238831432
0.6136999080733376
0.5996423238831432
0.6136999080733376
0.5844384620979273
0.6136999080733376
0.6136999080733376
0.6136999080733376
0.6158151649800201
0.6136999080733376
0.6158151649800201
0.5765297341301066
0.5765297341301066
0.5996423238831432
0.6562459515661749
0.5765297341301066
0.5777346719827301
0.5765297341301066
0.5996423238831432
0.5765297341301066
0.5777346719827301
0.5996423238831432
0.5820568273939098
0.6562459515661749
0.6158151649800201
0.618623848860791
0.5844384620979273
0.6158151649800201
0.6136999080733376
0.6562459515661749
0.5777346719827301
0.5996423238831432
0.5765297341301066
0.543864608717424
0.5844384620979273
0.543864608717424
0.5777346719827301
0.5844384620979273
0.5777346719827301
0.5844384620979273
0.5777346719827301
0.5844384620979273
0.5844384620979273
0.5777346719827301
0.5844384620979273
0.5765297341301066
0.5777346719827301
0.5844384620979273
0.5844384620979273
0.5844384620979273
0.543864608717424
0.5844384620979273
0.5996423238831432
0.6221961611285448
0.6221961611285448
0.5844384620979273
0.6382879704722682
0.5996423238831432
0.6562459515661749
0.6562459515661749
0.6562459515661749
0.6382879704722682
0.6221961611285448
0.6562459515661749
0.6221961611285448
0.6562459515661749
0.6562459515661749
0.6562459515661749
0.6688268521819449
0.6562459515661749
0.6688268521819449
0.6562459515661749
0.6562459515661749
0.6558392136912504
0.6562459515661749
0.6562459515661749
0.5765297341301066
0.6688268521819449
0.6562459515661749
0.6136999080733376
0.6562459515661749
0.6562459515661749
0.6562459515661749
0.5996423238831432
0.6562459515661749
0.6562459515661749
0.6562459515661749
0.6562459515661749
0.6562459515661749
0.6562459515661749
0.6562459515661749
0.6562459515661749
0.6562459515661749
0.6562459515661749
0.6221961611285448
0.6562459515661749
0.5989523439400547
0.6562459515661749
0.5777346719827301
0.6562459515661749
0.6562459515661749
0.6562459515661749
0.5996423238831432
0.6562459515661749
0.6562459515661749
0.6221961611285448
0.6562459515661749
0.6562459515661749
0.6562459515661749
0.5915100046712521
0.6562459515661749
0.6562459515661749
0.6562459515661749
0.5996423238831432
0.6562459515661749
0.6562459515661749
0.6562459515661749
0.6562459515661749
0.5915100046712521
0.6562459515661749
0.6562459515661749
0.6562459515661749
0.6562459515661749
0.6562459515661749
0.5996423238831432
0.6562459515661749
0.6562459515661749
0.6562459515661749
0.6562459515661749
0.6562459515661749
0.6562459515661749
0.6562459515661749
0.6562459515661749
0.6562459515661749
0.6562459515661749
0.6562459515661749
0.6562459515661749
0.6562459515661749
0.6562459515661749
0.6562459515661749
0.6562459515661749
0.6562459515661749
0.6562459515661749
0.6562459515661749
0.6562459515661749
0.6562459515661749
0.6562459515661749
0.6562459515661749
0.6562459515661749
0.6688268521819449
0.6562459515661749
0.6562459515661749
0.6562459515661749
0.6562459515661749
0.6562459515661749
0.6562459515661749
0.6562459515661749
0.6562459515661749
0.6562459515661749
0.6562459515661749
0.6562459515661749
0.6562459515661749
0.6562459515661749
0.6562459515661749
0.6562459515661749
0.6562459515661749
0.6562459515661749
0.6562459515661749
0.6562459515661749
0.6562459515661749
0.6688268521819449
0.6562459515661749
0.6562459515661749
0.6562459515661749
0.6562459515661749
0.6562459515661749
0.6562459515661749
0.6562459515661749
0.6562459515661749
0.6562459515661749
0.6562459515661749
0.6562459515661749
0.6562459515661749
0.6562459515661749
0.6562459515661749
0.6562459515661749
0.6562459515661749
0.6562459515661749
0.6562459515661749
0.6562459515661749
0.6562459515661749
0.6562459515661749
0.6562459515661749
0.6562459515661749
0.6382879704722682
0.6562459515661749
0.6562459515661749
0.6562459515661749
0.6562459515661749
0.6562459515661749
0.6562459515661749
0.6562459515661749
0.6562459515661749
0.6562459515661749
0.6562459515661749
0.6562459515661749
0.6562459515661749
0.6562459515661749
0.6562459515661749
0.6562459515661749
0.6562459515661749
0.6562459515661749
0.6562459515661749
0.6562459515661749
0.6562459515661749
0.6562459515661749
0.6562459515661749
0.6562459515661749
0.6562459515661749
0.6562459515661749
0.6562459515661749
0.6562459515661749
0.6562459515661749
0.6562459515661749
0.6562459515661749
0.6562459515661749
0.6562459515661749
0.6562459515661749
0.6562459515661749
0.6562459515661749
0.6562459515661749
0.6562459515661749
0.6562459515661749
0.6562459515661749
0.6562459515661749
0.6562459515661749
0.6562459515661749
0.6562459515661749
0.6562459515661749
0.6562459515661749
0.6562459515661749
0.6562459515661749
0.6562459515661749
0.6562459515661749
0.6562459515661749
0.6562459515661749
0.6562459515661749
0.6562459515661749
0.6562459515661749
0.6562459515661749
0.6562459515661749
0.6562459515661749
0.6562459515661749
0.6562459515661749
0.6562459515661749
0.6562459515661749
0.6562459515661749
0.6562459515661749
0.6562459515661749
0.6562459515661749
0.6562459515661749
0.6562459515661749
0.6562459515661749
0.6562459515661749
0.6562459515661749
0.6562459515661749
0.6562459515661749
0.5996423238831432
0.6562459515661749
0.6562459515661749
0.6562459515661749
0.6562459515661749
0.6562459515661749
0.6562459515661749
0.6562459515661749
0.6562459515661749
0.6562459515661749
0.6562459515661749
0.6562459515661749
0.6562459515661749
0.6562459515661749
0.6562459515661749
0.6562459515661749
0.6562459515661749
0.6562459515661749
0.6562459515661749
0.6562459515661749
0.6562459515661749
0.6562459515661749
0.6562459515661749
0.6562459515661749
0.6562459515661749
0.6562459515661749
0.6562459515661749
0.6562459515661749
0.6562459515661749
0.6562459515661749
0.6562459515661749
0.6562459515661749
0.6562459515661749
0.6562459515661749
0.6562459515661749
0.6562459515661749
0.6562459515661749
0.6562459515661749
0.6562459515661749
0.6562459515661749
0.6562459515661749
0.6562459515661749
0.6562459515661749
0.6562459515661749
0.6562459515661749
0.6562459515661749
0.6562459515661749
0.6562459515661749
0.6562459515661749
0.6562459515661749
0.6562459515661749
0.6562459515661749
0.6562459515661749
0.6562459515661749
0.6562459515661749
0.6562459515661749
0.6562459515661749
0.6562459515661749
0.6562459515661749
0.6562459515661749
0.6562459515661749
0.6562459515661749
0.6562459515661749
0.6562459515661749
0.6562459515661749
0.6562459515661749
0.6562459515661749
0.6562459515661749
0.6562459515661749
0.6562459515661749
0.6562459515661749
0.6562459515661749
0.6562459515661749
0.6562459515661749
0.6562459515661749
0.6562459515661749
0.6562459515661749
0.6562459515661749
0.6562459515661749
0.6562459515661749
0.6562459515661749
0.6562459515661749
0.6562459515661749
0.6562459515661749
0.6562459515661749
0.6562459515661749
0.6562459515661749
0.6562459515661749
0.6562459515661749
0.6562459515661749
0.6562459515661749
0.6562459515661749
0.6562459515661749
0.6562459515661749
0.6562459515661749
0.6562459515661749
0.6562459515661749
0.6562459515661749
0.6562459515661749
0.6562459515661749
0.6562459515661749
0.6562459515661749
0.6562459515661749
0.6562459515661749
0.6562459515661749
0.6562459515661749
0.6562459515661749
0.6562459515661749
0.6562459515661749
0.6562459515661749
0.6562459515661749
0.6562459515661749
0.6562459515661749
0.6562459515661749
0.6562459515661749
0.6562459515661749
0.6562459515661749
0.6562459515661749
0.6562459515661749
0.6562459515661749
0.6562459515661749
0.6562459515661749
0.6562459515661749
0.6562459515661749
0.6562459515661749
0.6562459515661749
0.6562459515661749
0.6562459515661749
0.6562459515661749
0.6562459515661749
0.6562459515661749
0.6562459515661749
0.6562459515661749
0.6562459515661749
0.6562459515661749
0.6562459515661749
0.6562459515661749
0.6562459515661749
0.6562459515661749
0.6562459515661749
0.6562459515661749
0.6562459515661749
0.6562459515661749
0.6562459515661749
0.6562459515661749
0.6562459515661749
0.6562459515661749
0.6562459515661749
0.6562459515661749
0.6562459515661749
0.6562459515661749
0.6562459515661749
0.6562459515661749
0.6562459515661749
0.6562459515661749
0.6562459515661749
0.6562459515661749
0.6562459515661749
0.6562459515661749
0.6562459515661749
0.6562459515661749
0.6562459515661749
0.6562459515661749
0.6562459515661749
0.6562459515661749
0.6562459515661749
0.6562459515661749
0.6562459515661749
0.6562459515661749
0.6562459515661749
0.6562459515661749
0.6688268521819449
0.6562459515661749
0.6562459515661749
0.6562459515661749
0.6562459515661749
0.6562459515661749
0.6562459515661749
0.6562459515661749
0.6562459515661749
0.6562459515661749
0.6562459515661749
0.6562459515661749
0.6562459515661749
0.6562459515661749
0.6562459515661749
0.6562459515661749
0.6562459515661749
0.6562459515661749
0.6562459515661749
0.6562459515661749
0.6562459515661749
0.6562459515661749
0.6562459515661749
0.6562459515661749
0.6562459515661749
0.6562459515661749
0.6562459515661749
0.6562459515661749
0.6562459515661749
0.6562459515661749
0.6562459515661749
0.6562459515661749
0.6562459515661749
0.6562459515661749
0.6562459515661749
0.6562459515661749
0.6562459515661749
0.6562459515661749
0.6562459515661749
0.6562459515661749
0.6562459515661749
0.6562459515661749
0.6562459515661749
0.6562459515661749
0.6562459515661749
0.6562459515661749
0.6562459515661749
0.6562459515661749
0.6562459515661749
0.6562459515661749
0.6562459515661749
0.6562459515661749
0.6562459515661749
0.6562459515661749
0.6562459515661749
0.6562459515661749
0.6562459515661749
0.6562459515661749
0.6562459515661749
0.6562459515661749
0.6562459515661749
0.6562459515661749
0.6562459515661749
0.6562459515661749
0.6562459515661749
0.6562459515661749
0.6562459515661749
0.6562459515661749
0.6562459515661749
0.6562459515661749
0.6562459515661749
0.6562459515661749
0.6562459515661749
0.6562459515661749
0.6688268521819449
0.6562459515661749
0.6562459515661749
0.6562459515661749
0.6562459515661749
0.6562459515661749
0.6562459515661749
0.6562459515661749
0.6562459515661749
0.6562459515661749
0.6562459515661749
0.6562459515661749
0.6562459515661749
0.6562459515661749
0.6562459515661749
0.6562459515661749
0.6562459515661749
0.6562459515661749
0.6562459515661749
0.6562459515661749
0.6562459515661749
0.6562459515661749
0.6562459515661749
0.6562459515661749
0.6562459515661749
0.6562459515661749
0.6562459515661749
0.6562459515661749
0.6562459515661749
0.6562459515661749
0.6562459515661749
0.6562459515661749
0.6562459515661749
0.6562459515661749
0.6562459515661749
0.6562459515661749
0.6562459515661749
0.6562459515661749
0.6562459515661749
0.6562459515661749
0.6562459515661749
0.6562459515661749
0.6562459515661749
0.6562459515661749
0.6562459515661749
0.6562459515661749
0.6562459515661749
0.6562459515661749
0.6562459515661749
0.6562459515661749
0.6562459515661749
0.6562459515661749
0.6562459515661749
0.6562459515661749
0.6562459515661749
0.6562459515661749
0.6562459515661749
0.6562459515661749
0.6688268521819449
0.6382879704722682
0.6688268521819449
0.6688268521819449
0.6562459515661749
0.6688268521819449
0.6688268521819449
0.6688268521819449
0.6688268521819449
0.6688268521819449
0.6688268521819449
0.6688268521819449
0.6688268521819449
0.6688268521819449
0.6349395307732524
0.6700323955814103
0.6562459515661749
0.6543110140148065
0.6569255393776514
0.6688268521819449
0.6536282531304725
0.6166485633320056
0.5783465207160308
0.6821805128082966
0.6551538113035811
0.6532241722958829
0.6342972243210715
0.6773350602144435
0.6827449345346119
0.6789506758820226
0.6774479593518499
0.6207184027351705
0.6837223831904544
0.6348951804573749
0.6197149494906372
0.6811499039709814
0.6899588422550288
0.6877487479221662
0.655361907513885
0.6817310334918181
0.5913542183670297
0.6009533785062677
0.682053430780546
0.5844384620979273
0.6821857195112626
0.6578637983288134
0.6207184027351705
0.6834823055099104
0.6809988026716509
0.6814552078061742
0.6817310334918181
0.6820455248592401
0.6897024490140672
0.6811499039709814
0.6811499039709814
0.6877487479221662
0.6820455248592401
0.6811499039709814
0.6811499039709814
0.6817310334918181
0.6174867607726193
0.6811499039709814
0.6811499039709814
0.6892572779897954
0.6811499039709814
0.6822471877457834
0.6822471877457834
0.6811499039709814
0.6811499039709814
0.6811499039709814
0.6822471877457834
0.6811499039709814
0.6814552078061742
0.6811499039709814
0.6822471877457834
0.6811499039709814
0.6811499039709814
0.6811499039709814
0.6811499039709814
0.6811499039709814
0.6877487479221662
0.6811499039709814
0.6811499039709814
0.6822471877457834
0.6811499039709814
0.6811499039709814
0.6811499039709814
0.6562459515661749
0.6811499039709814
0.6811499039709814
0.6822471877457834
0.6822471877457834
0.6820455248592401
0.6822471877457834
0.6811499039709814
0.6817310334918181
0.6827449345346119
0.6822471877457834
0.6877487479221662
0.6822471877457834
0.6811499039709814
0.6822471877457834
0.6820455248592401
0.6811499039709814
0.6811499039709814
0.6811499039709814
0.6811499039709814
0.6821857195112626
0.6811499039709814
0.6811499039709814
0.6811499039709814
0.6811499039709814
0.6817310334918181
0.6811499039709814
0.6822471877457834
0.6822471877457834
0.6811499039709814
0.6811499039709814
0.6811499039709814
0.6811499039709814
0.6822471877457834
0.6817310334918181
0.6811499039709814
0.6811499039709814
0.6822471877457834
0.6811499039709814
0.6811499039709814
0.6811499039709814
0.6811499039709814
0.6811499039709814
0.6811499039709814
0.6822471877457834
0.6811499039709814
0.6811499039709814
0.6811499039709814
0.6817310334918181
0.6811499039709814
0.6817310334918181
0.6811499039709814
0.6811499039709814
0.6811499039709814
0.6811499039709814
0.6811499039709814
0.6822471877457834
0.6811499039709814
0.6822471877457834
0.6817310334918181
0.6811499039709814
0.6811499039709814
0.6811499039709814
0.6811499039709814
0.6811499039709814
0.6822471877457834
0.6822471877457834
0.6811499039709814
0.6811499039709814
0.6811499039709814
0.6817310334918181
0.6821805128082966
0.6822471877457834
0.6811499039709814
0.6824020763020301
0.6824020763020301
0.6811499039709814
0.6827449345346119
0.6817310334918181
0.6817310334918181
0.6811499039709814
0.6817310334918181
0.6824020763020301
0.6823844083398849
0.6822471877457834
0.6822471877457834
0.6811499039709814
0.6811499039709814
0.6811499039709814
0.6811499039709814
0.6827449345346119
0.6811499039709814
0.6811499039709814
0.6811499039709814
0.6811499039709814
0.6811499039709814
0.6811499039709814
0.6811499039709814
0.6811499039709814
0.6811499039709814
0.6822471877457834
0.6811499039709814
0.6822471877457834
0.6824020763020301
0.6811499039709814
0.6821805128082966
0.6811499039709814
0.6811499039709814
0.6811499039709814
0.6811499039709814
