-67.6032323147193
-164.50724566032054
-21.37722652621439
-240.58403164517415
-50.83580565223664
-20.63486043257538
-83.71848396526961
-88.87354991735873
-54.90290221058084
-163.45800429162125
-42.50888700334989
-112.77181403723135
-3.854088941082285
-84.88193343238642
-79.01472454399814
-87.69723620887869
-45.370837714175536
-25.73817685341883
-21.978301160036242
-14.735672930317481
-44.09637090440122
-54.66717663702283
-49.74261710297602
-23.82213522795715
-36.028183359431594
-8.629190531078837
-3.5572786764515554
-11.6489140379689
-6.835568116132042
-14.24336770944521
-5.805970467152192
-12.118757493225399
-8.349237326657645
-23.47416172240455
-11.211760263101924
-21.694791543369966
-7.074833961060244
-22.589825002928986
-8.901990532191556
-22.009799533547024
-15.50969748576565
-4.637521958630918
-19.5812521497438
-15.070272141821969
-23.343766633363934
-14.353488253854389
-39.52188617756344
-7.152036027510756
-13.15252094508487
-11.398365836956254
-21.655474391329562
-5.37526519617436
-12.371983264519544
-10.855456919637604
-2.397678088982811
-2.313090807433266
-2.9754037369869617
-3.3977039919284895
-5.616638889473398
-8.588208552972771
-2.0437999503569584
-4.7359652662395755
-0.9220942768036491
-1.0373514657047884
-3.7577018218001794
-3.6511732340203866
-1.2015495117175246
-1.5339420606851992
-1.3010334511942079
-0.8157858447032165
-1.2998017380454534
-0.8002857660185811
-3.140707958187199
-5.13159170565839
-0.6000424644133633
-1.2005318635360411
-0.41263458044547274
-3.4005318635360453
-0.8668097457417873
-3.854279597749955
-4.083522344002591
-0.8668097457417873
-0.8553008720279999
-5.800042464413359
-3.927285908234366
-3.9272859082343663
-0.46477147010955233
-3.927285908234366
-3.927285908234366
-3.941431161228429
-3.927285908234366
-2.1637297596550105
-3.941431161228429
-0.2638927534337459
-1.168611338000868
-2.5000424644133683
-3.9221738171014238
-0.16348463696252616
-0.9673833261589786
-0.8668097457417873
-0.8668097457417873
-1.2692658236181271
-0.6657410545274906
-0.06309580183179087
-3.8677698294481146
-0.5652443575245698
-0.2638927534337459
-4.6188314909757775
-2.075266714693284
-0.16348463696252616
-0.2638927534337459
-3.9414311612284285
-1.2692658236181271
-0.6657410545274906
-1.800042464413364
-2.167983788569537
-0.5652443575245698
-3.9414311612284285
-1.6721329290981721
-3.9221738171014233
-0.06309580183179087
-0.7662625584448199
-1.067983788569537
-0.06309580183179087
-0.06309580183179087
-0.5652443575245698
-0.16348463696252616
-0.06309580183179087
-0.06309580183179087
-0.06309580183179087
-0.06309580183179087
-0.16348463696252616
-0.06309580183179087
-0.06309580183179087
-0.06309580183179087
-0.06309580183179087
-0.16348463696252616
-0.06309580183179087
-0.06309580183179087
-0.06309580183179087
-0.06309580183179087
-0.06309580183179087
-0.06309580183179087
-0.06309580183179087
-0.16348463696252616
-0.06309580183179087
-0.06309580183179087
-0.06309580183179087
-0.06309580183179087
-0.06309580183179087
-0.06309580183179087
-0.16348463696252616
-0.06309580183179087
-0.06309580183179087
-0.06309580183179087
-0.06309580183179087
-0.06309580183179087
-0.06309580183179087
-0.06309580183179087
-0.06309580183179087
-0.06309580183179087
-0.06309580183179087
-0.06309580183179087
-0.06309580183179087
-0.06309580183179087
-0.06309580183179087
-0.06309580183179087
-0.06309580183179087
-0.06309580183179087
-0.06309580183179087
-0.06309580183179087
-0.06309580183179087
-0.06309580183179087
-0.06309580183179087
-0.06309580183179087
-0.06309580183179087
-0.06309580183179087
-0.06309580183179087
-0.06309580183179087
-0.06309580183179087
-0.06309580183179087
-0.06309580183179087
-0.06309580183179087
-0.06309580183179087
-0.06309580183179087
-0.06309580183179087
-0.06309580183179087
-0.06309580183179087
-0.06309580183179087
-0.06309580183179087
-0.06309580183179087
-0.06309580183179087
-0.06309580183179087
-0.06309580183179087
-0.06309580183179087
-0.06309580183179087
-0.06309580183179087
-0.06309580183179087
-0.06309580183179087
-0.06309580183179087
-0.06309580183179087
-0.06309580183179087
-0.06309580183179087
-0.06309580183179087
-0.06309580183179087
-0.06309580183179087
-0.06309580183179087
-0.06309580183179087
-0.06309580183179087
-0.06309580183179087
-0.06309580183179087
-0.06309580183179087
-0.06309580183179087
-0.06309580183179087
-0.06309580183179087
-0.06309580183179087
-0.06309580183179087
-0.06309580183179087
-0.06309580183179087
-0.06309580183179087
-0.06309580183179087
-0.06309580183179087
-0.06309580183179087
-0.06309580183179087
-0.06309580183179087
-0.06309580183179087
-0.06309580183179087
-0.06309580183179087
-0.06309580183179087
-0.06309580183179087
-0.06309580183179087
-0.06309580183179087
-0.06309580183179087
-0.06309580183179087
-0.06309580183179087
-0.06309580183179087
-0.06309580183179087
-0.06309580183179087
-0.06309580183179087
-0.06309580183179087
-0.06309580183179087
-0.06309580183179087
-0.06309580183179087
-0.06309580183179087
-0.06309580183179087
-0.06309580183179087
-0.06309580183179087
-0.06309580183179087
-0.06309580183179087
-0.06309580183179087
-0.06309580183179087
-0.06309580183179087
-0.06309580183179087
-0.06309580183179087
-0.06309580183179087
-0.06309580183179087
-0.06309580183179087
-0.06309580183179087
-0.06309580183179087
-0.06309580183179087
-0.06309580183179087
-0.06309580183179087
-0.06309580183179087
-0.06309580183179087
-0.06309580183179087
-0.06309580183179087
-0.06309580183179087
-0.06309580183179087
-0.06309580183179087
-0.06309580183179087
-0.06309580183179087
-0.06309580183179087
-0.06309580183179087
-0.06309580183179087
-0.06309580183179087
-0.06309580183179087
-0.06309580183179087
-0.06309580183179087
-0.06309580183179087
-0.06309580183179087
-0.06309580183179087
-0.06309580183179087
-0.06309580183179087
-0.06309580183179087
-0.06309580183179087
-0.06309580183179087
-0.06309580183179087
-0.06309580183179087
-0.06309580183179087
-0.06309580183179087
-0.06309580183179087
-0.06309580183179087
-0.06309580183179087
-0.06309580183179087
-0.06309580183179087
-0.06309580183179087
-0.06309580183179087
-0.06309580183179087
-0.06309580183179087
-0.06309580183179087
-0.06309580183179087
-0.06309580183179087
-0.06309580183179087
-0.06309580183179087
-0.06309580183179087
-0.06309580183179087
-0.06309580183179087
-0.06309580183179087
-0.06309580183179087
-0.06309580183179087
-0.06309580183179087
-0.06309580183179087
-0.06309580183179087
-0.06309580183179087
-0.06309580183179087
-0.06309580183179087
-0.06309580183179087
-0.06309580183179087
-0.06309580183179087
-0.06309580183179087
-0.06309580183179087
-0.06309580183179087
-0.06309580183179087
-0.06309580183179087
-0.06309580183179087
-0.06309580183179087
-0.06309580183179087
-0.06309580183179087
-0.06309580183179087
-0.06309580183179087
-0.06309580183179087
-0.06309580183179087
-0.06309580183179087
-0.06309580183179087
-0.06309580183179087
-0.06309580183179087
-0.06309580183179087
-0.06309580183179087
-0.06309580183179087
-0.06309580183179087
-0.06309580183179087
-0.06309580183179087
-0.06309580183179087
-0.06309580183179087
-0.06309580183179087
-0.06309580183179087
-0.06309580183179087
-0.06309580183179087
-0.06309580183179087
-0.06309580183179087
-0.06309580183179087
-0.06309580183179087
-0.06309580183179087
-0.06309580183179087
-0.06309580183179087
-0.06309580183179087
-0.06309580183179087
-0.06309580183179087
-0.06309580183179087
-0.06309580183179087
-0.06309580183179087
-0.06309580183179087
-0.06309580183179087
-0.06309580183179087
-0.06309580183179087
-0.06309580183179087
-0.06309580183179087
-0.06309580183179087
-0.06309580183179087
-0.06309580183179087
-0.06309580183179087
-0.06309580183179087
-0.06309580183179087
-0.06309580183179087
-0.06309580183179087
-0.06309580183179087
-0.06309580183179087
-0.06309580183179087
-0.06309580183179087
-0.06309580183179087
-0.06309580183179087
-0.06309580183179087
-0.06309580183179087
-0.06309580183179087
-0.06309580183179087
-0.06309580183179087
-0.06309580183179087
-0.06309580183179087
-0.06309580183179087
-0.06309580183179087
-0.06309580183179087
-0.06309580183179087
-0.06309580183179087
-0.06309580183179087
-0.06309580183179087
-0.06309580183179087
-0.06309580183179087
-0.06309580183179087
-0.06309580183179087
-0.06309580183179087
-0.06309580183179087
-0.06309580183179087
-0.06309580183179087
-0.06309580183179087
-0.06309580183179087
-0.06309580183179087
-0.06309580183179087
-0.06309580183179087
-0.06309580183179087
-0.06309580183179087
-0.06309580183179087
-0.06309580183179087
-0.06309580183179087
-0.06309580183179087
-0.06309580183179087
-0.06309580183179087
-0.06309580183179087
-0.06309580183179087
-0.06309580183179087
-0.06309580183179087
-0.06309580183179087
-0.06309580183179087
-0.06309580183179087
-0.06309580183179087
-0.06309580183179087
-0.06309580183179087
-0.06309580183179087
-0.06309580183179087
-0.06309580183179087
-0.06309580183179087
-0.06309580183179087
-0.06309580183179087
-0.06309580183179087
-0.06309580183179087
-0.06309580183179087
-0.06309580183179087
-0.06309580183179087
-0.06309580183179087
-0.06309580183179087
-0.06309580183179087
-0.06309580183179087
-0.06309580183179087
-0.06309580183179087
-0.06309580183179087
-0.06309580183179087
-0.06309580183179087
-0.06309580183179087
-0.06309580183179087
-0.06309580183179087
-0.06309580183179087
-0.06309580183179087
-0.06309580183179087
-0.06309580183179087
-0.06309580183179087
-0.06309580183179087
-0.06309580183179087
-0.06309580183179087
-0.06309580183179087
-0.06309580183179087
-0.06309580183179087
-0.06309580183179087
-0.06309580183179087
-0.06309580183179087
-0.06309580183179087
-0.06309580183179087
-0.06309580183179087
-0.06309580183179087
-0.06309580183179087
-0.06309580183179087
-0.06309580183179087
-0.06309580183179087
-0.06309580183179087
-0.06309580183179087
-0.06309580183179087
-0.06309580183179087
-0.06309580183179087
-0.06309580183179087
-0.06309580183179087
-0.06309580183179087
-0.06309580183179087
-0.06309580183179087
-0.06309580183179087
-0.06309580183179087
-0.06309580183179087
-0.06309580183179087
-0.06309580183179087
-0.06309580183179087
-0.06309580183179087
-0.06309580183179087
-0.06309580183179087
-0.06309580183179087
-0.06309580183179087
-0.06309580183179087
-0.06309580183179087
-0.06309580183179087
-0.06309580183179087
-0.06309580183179087
-0.06309580183179087
-0.06309580183179087
-0.06309580183179087
