-0.027120864600117978
0.6624852968027453
-0.027120864600117978
0.05278783951979127
0.5410844068725249
0.5830150164788459
0
0.6673389025079075
0.09468069924340372
0.6135581132071856
-0.02217381710142119
0.5158264386664932
0.6616848724674347
0.5576017512655811
0.5054666253636161
0.37139790246234927
0.24376958688417083
0.0931099667846923
0.6324434837786932
0.6380023665540768
0.6810760009929182
-0.020268372973450743
0.3608644402358592
0.6523146302531249
0.6322275417384113
0.6756265509591174
0.5803914626721539
0.6804003600232678
0.6041967538278583
0.5675125973295063
0.6449536909415052
-0.025269724000086535
0.6653451596255909
0.6246165180770065
0.49490539743221473
0.5517268879743245
0.5665226968183138
0.6678376460006967
0.6458578847529511
0.5374391617061736
0.6194676476498855
0.37230270101902785
0.6853217465887462
0.5367259357562193
0.5759851315390259
0.6009858154474232
0.6143786572548304
0.5886035839618438
0.6901959655430636
0.6921744463696411
0.6364480050367352
0.6633201200000126
0.6177576254540322
0.5912658080611406
0.700875640194774
-0.062063245392729005
-0.02645575011733814
0.6113188980753731
0.6419684715012328
0.6916973321598874
0.647677659866567
-0.00846380112448819
0.7194173909266008
0.7009243265246656
0.6237843440184703
0.7018880862489713
0.6451285598740115
-0.06277405949480164
0.6113437351169715
0.637611814477129
0.6844678062880999
0.5971254503344348
0.5983153312479343
0.6877863373122022
-0.051884085739531516
0.5665091990011133
0.6212670817654571
0.6147569276898
0.7001996030653397
0.6553534654666846
0.6356934675349571
0.6782011207641425
0.636524619544756
0.6173145523005998
0.6314531578030332
0.6258750531367043
0.6768565677224674
0.6833389625116213
0.5986139929067138
0.6980647920343868
0.7164777872255272
0.6588980569934846
-0.020359821764187158
0.7086167815728455
0.6250069731404673
-0.03627822525248603
0.7160729627392424
0.6895244200369515
0.6969564937463646
0.6734972671986712
0.6762539355725613
0.6958187860987519
0.684677281676535
0.6300437293089713
0.4995869216034231
0.6902352222512752
-0.03891420038353144
0.7178208559907941
0.7029761843998534
0.6831641452211473
0.6374867914015782
0.5996767471384468
0.6187534703952069
0.5382271739491836
0.7201773155180162
0.6945556101472214
0.7210576110775638
0.6772927189808146
0.5034642243860787
0.6711750527753919
0.6857630018177615
0.6932394701641045
0.6894418039650423
0.6155234944501233
0.6857649619456805
0.6710702540723716
0.713798849740241
0.7019791686485868
0.6552104215613339
0.6669557305958167
0.6918807203144902
0.6633997124960334
-0.06308231241296292
0.6543729548294115
0.6218162602404145
0.7037207001625725
0.7166261763328152
0.6847510693277628
0.6530874130670055
0.6277268137722789
0.6268877853619323
0.6885848794978253
0.5714427106775766
0.6647423731568459
0.7121982395679439
0.059187035430534274
0.6832887416204535
0.6889349432316465
0.6762836271830694
0.5256436037744094
0.7112822808677137
0.5991582110477043
0.6445818382584757
0.6931230907560648
0.6676061410394536
0.6934255924276016
0.6473802369189456
0.7193789687028321
0.5796861166272114
0.6448300769940981
0.6523418097618916
0.6805914384001739
0.7010545677414068
0.5941450589965562
0.6871315055121565
0.6912000968860266
0.6238984177448201
0.5454330749183671
0.6477920655751442
0.6818085086571897
0.7044947458044155
0.6158762054006092
0.7223545532946931
0.6293669620281661
0.0728101126684475
0.6871083987280433
0.696651534821761
0.6846707800627545
0.570289950076495
0.6133670565713318
0.7054963107026166
0.6831632942294188
0.5503795410298631
0.4839656163432793
0.5156073128921144
0.5956019119097136
0.688867233855413
0.6557590699210702
0.6511346733920887
0.5801216866925916
0.6858985452020492
0.7076717475008798
-0.08145989317820046
0.6159297294815334
0.7144245165162748
0.7130145270723431
0.7097558453052599
0.7170549762602925
0.7128971307178114
0.7011068412081591
0.6710297286339892
0.7061690157092889
0.05638767194721217
0.6869865947374709
0.5574891324695939
0.6487733809789593
0.6584315029567828
0.655676167449059
0.7054265087274636
0.6161500430438598
0.617744008304913
0.6787445229323417
0.673052264774462
0.6463226956082979
0.6342258556152462
0.5714701496115747
0.6690931604918037
0.6910120970450653
0.7029029584999494
0.6520628318929611
0.6369146132247614
0.6980662998680628
0.7084497480437897
0.6190462928808513
0.6364272844069931
0.5302845940706791
0.6746022996201709
0.6184926259328816
0.6615999202139842
0.7192015959191786
0.7278594570135763
0.645392279724077
0.6528815349769964
0.613043651347581
0.6318384411772213
0.5715963556514552
0.6807014321578115
0.5831605683731218
0.709881284087737
0.6176637678209385
0.6989443174034333
0.6236519716807761
0.661869960347891
0.5587000711445285
0.5986720715703413
0.6609049435811017
0.6940614752307813
0.672373618116693
0.6336863150509715
0.6908990770752281
0.7120881747530674
0.7130387422825173
0.4878462034738562
0.6801731700615694
0.5800973967448557
0.5499646628711681
0.6901911274420014
0.6192623167253193
0.6851029676968728
0.6649219163253424
0.7055797420556723
0.03787448952623329
0.6182500442495963
0.7109344426088149
0.7111839068141232
0.6548732128905975
0.7179822451612647
0.5852630739632361
0.5998877469242241
0.6335427046965038
0.71225842004664
0.6551886805196814
0.5933408813210892
0.709215975883472
0.5977798290484753
0.6350298638076699
0.701335093121716
0.6174837769908499
0.6235800461823325
0.6329896040916142
0.6065074490286608
0.6290122710280336
0.6237305515191557
0.6609116855469681
0.6379292864588204
0.6791181209190468
0.6610176750273399
0.6162679424710559
0.7123177643315762
0.690240674449105
0.6331163346583366
0.6184297543860051
0.7025266383251676
0.7059915754160808
0.7301624761320873
0.6805599182152995
0.7320767885051084
0.5757516736460674
0.6031931696729185
0.6853649043785267
0.6336062273176127
0.6621153883797664
0.6266972739466485
0.7062958001364513
0.6441458656389296
0.7066864064456573
0.6197094424847047
0.7103089450729574
0.6519960052708429
0.7115024216473606
0.7168977968394331
0.6766745088231445
0.6375864258341627
0.6123727638834615
0.6614347050785327
0.5994598741283648
0.718251845410282
0.6909488892318835
0.6795026350929549
0.6890828186853598
0.6919157358961525
0.6532839999132756
0.6707878577226231
0.5839368377037528
0.6178707015284901
0.6217469302656418
0.6710028725079973
0.5919147897529251
0.6791653701106435
0.6589334548592782
0.6153272863219589
0.6030405784941864
0.6880217694385893
0.6135278080948511
0.5628872483506111
0.630127872066947
0.6701492905077879
0.6309590858787719
0.6909299644107157
0.6002863991774884
0.6739955785843084
0.6749660495283887
0.5484963407466973
0.621591779277034
0.6849880849199435
0.7183200607788166
0.5404390795767628
0.6592473778120709
0.5933881635613036
0.6830646614389962
0.6600248255543839
0.6615004614371747
0.5701031728484244
0.6193475338723882
0.7163955163621754
0.7176062549209705
0.6306674907355536
0.6907028270390704
0.6301721781276037
0.6775296084023679
0.6504257890950191
0.6440987774119129
0.7167748633701216
0.6912029497031287
0.6346773803216901
0.690728856074373
0.7318921746762591
0.6740430679682656
0.6783589003757002
0.6931613876636787
0.719576598501152
0.6042760139532757
0.7141967565256837
0.7237458867612433
0.6836409523367251
0.5517309443024034
0.6787348026182967
0.710075013027551
0.6843221377147444
0.6358794327070688
0.6682885048425236
0.5949780115175531
0.6425574210815652
0.6844354292707282
0.6065264314590808
0.5718814298585464
0.6420124147777526
0.5668049228747339
0.7188693121456937
0.7086667795873398
0.7190663407060534
0.6956572930884855
0.6127551592712863
0.7018430794237899
0.6336560147156196
0.6930072032838623
0.673598836691026
0.7132626664630707
0.5369110970105436
0.678017760525804
0.6678334443075554
0.7177040226815197
0.6294802043430829
0.7214764501671267
0.6174564409746052
0.6290861858892522
0.6798111581932397
0.7037068898296329
0.6765812308662535
0.7083629404887637
0.5915816645836645
0.673393958486755
0.7165106409245009
0.6328218535685199
0.7115685228417814
0.7008020081424373
0.6382650647433501
0.6962676568905886
0.7089379685011333
0.7058000436397847
0.6957202267062665
0.6710291766775803
0.6724406963851104
0.7218978397884604
0.6490527365528378
0.7056381488288445
0.7297779510193442
0.6766749748191352
0.7268954862009801
0.6681066418485285
0.6985496026070885
0.6770010914999611
0.6525694651026428
0.6754758192213817
0.6481478210126999
0.63455347648845
0.6278025390671353
0.6956711644255791
0.7166427098213726
0.707158374316297
0.6867951800837919
0.45365227109091244
0.6475993769368367
0.6983750453371236
0.707091388979671
0.6584595386360497
0.6841212089559696
0.7095665612041844
0.6924999580386763
0.672601124609217
0.6695961309753213
0.6858260856847724
0.7098147184785113
0.6964401498771376
0.5848606249996247
0.6651920997462433
0.7075631780822249
0.7130179013210369
0.6514159980731484
0.7089793548513026
0.6296331821834142
0.6859939410691241
0.7215247080033801
0.6206653191059417
0.38369457817572916
0.7209001339930619
0.7025933237636249
0.6889452239940839
0.7116906704632882
0.5563755311501204
0.17635188586924855
0.6748430032592561
0.644411679365918
0.7076607288694122
0.6863524572495738
0.5032726669859816
0.7295370258421103
0.6600373979513605
0.6176411290808954
0.7041032031937461
0.6769685563388192
0.7117250030825966
0.4228959136193712
0.6749856486778802
0.6502226970916967
0.6289887293895493
0.6909814802411953
0.6905859179096596
0.720005720155799
0.7112683780717577
0.6696370047062342
0.7139291108946013
0.6620516319404126
0.5593595649512735
0.6772132643528286
0.6776080578415444
0.7079270518697615
0.7189383638476741
0.6699481077657851
0.7056947032209759
0.7112874798663847
0.7228250959032934
0.7122464789736853
0.680346375561711
0.6607676868813079
0.6612001107201231
0.7068987510255531
0.6785455201908113
0.7080767814063724
0.7308284505326276
0.6522732837165968
0.6795031894241494
0.6932897363022956
0.6866752601333033
0.7200194256790895
0.6999791742808175
0.7235370865421598
0.7208123809635292
0.715864959814583
0.6893018765318195
0.7247892240187758
0.6902644508472768
0.7072602059727255
0.7070500943292899
0.6413908351223885
0.7304979881965448
0.6522409020064188
0.5008441334717337
0.7279532825427846
0.7116998171189413
0.7304201884210215
0.7179502190638929
0.7166051050285188
0.7224442735765981
0.7091699837650574
0.7249686285296313
0.7185336868768983
0.7168643561605844
0.7170326305976504
0.7122304554925212
0.7026265611073514
0.7170358620251269
0.7106347638566417
0.7096324590250997
0.7196519413617163
0.7187499373333565
0.7188293892288351
0.7038440970886758
0.6708053800730953
0.730286722628666
0.6765261232420862
0.700850115529412
0.6967870952018952
0.7282712888242999
0.6907130460070117
0.7123449569600272
0.7145137076324981
0.6901729004754279
0.7190165789218976
0.6932776300068004
0.7133532248849209
0.6716838864987166
0.7196204437283409
0.7009892287842481
0.6959376312943926
0.7160201313243957
0.7119133209531605
0.6717727998295472
0.7163955163621754
0.7087035241496107
0.7204522754002737
0.7177428924923095
0.7190519208413406
0.7257930918345243
0.7173404527035254
0.6942674493674825
0.7238145748621637
0.6524501677584645
0.6716176779065657
0.7069654042198438
0.7215989185171096
0.6944861344180313
0.7282212383881286
0.6391858305672151
0.6655509993201545
0.6238768198566405
0.6917336147666836
0.6915554042731953
0.7215608172466805
0.6943864079731036
0.712514390099843
0.7250973625597703
0.6992898333308952
0.6701482878469138
0.5741066681570537
0.7191524878930408
0.6563925766781479
0.6653364717471979
0.723742557635037
0.6719842378003098
0.5664404383864372
0.6798484839003816
0.7042678997422923
0.6557597177728263
0.7091434579560083
0.7020159632902114
0.7037492910659484
0.6729675880015713
0.6870183847367042
0.6786473404644553
0.6824436667483449
0.6904283490262283
0.7159623918783957
0.6832070677268964
0.7167099882343058
0.6980217232856745
0.5608007680763997
0.6902752999696983
0.6940701688004735
0.7250948480429942
0.7175814323209044
0.7068597717009986
0.6327880102147374
0.7241805908583928
0.7227481331613577
0.6463408637761934
0.6671510185876505
0.6827312265052026
0.7246611113767051
0.7220385419959867
0.7251833071179752
0.6914346812440242
0.7104092022065461
0.6595052214992303
0.6830844682515412
0.7264658134410586
0.6939380285316473
0.7157129336391514
0.7196465092487352
0.7117591274552746
0.7165933063987915
0.677898359027624
0.43414094469771447
0.6603446335026999
0.6626459524683146
0.7156870703521405
0.6936742812498352
0.6972965180455888
0.665245174689139
0.706001381818282
0.6989612786887393
0.6573391813494847
0.6767340524825336
0.6844422017194873
0.620100298836481
0.6952245502665875
0.6835086534545334
0.7166132024813069
0.6374904245297248
0.6826411657268063
0.7013209012206638
0.628089514361177
0.7164100637654096
0.703230533325744
0.7087205294942699
0.6982620629776427
0.6938449567018183
0.7136307362056835
0.6635503038380859
0.6306176006931673
0.7161645153357118
0.7157508093266967
0.7090880135739305
0.6995775385764469
0.7044209780590014
0.6843430211291344
0.694845804024341
0.7241020529689663
0.7175024883673489
0.7154938463638195
0.6868410622120769
0.7093691672129009
0.7062416245218629
0.7154883741551383
0.6712119710607191
0.7144312182449682
0.7151875913313541
0.6706490046141982
0.7095254115324511
0.6972451475261712
0.7049733190309387
0.6703528047555718
0.7089848076624916
0.714985716002295
0.6571071581192478
0.5479498125479034
0.7055554639920238
0.6919413800896195
0.7161598457683145
0.7216444972625626
0.7108770762695723
0.7182784382065648
0.6866180671698301
0.6932576035800695
0.6721214530140136
0.7192262665348039
0.7191756161099723
0.7097057562254202
0.709220183934876
0.6937934153301326
0.6705074436377054
0.7146496746300142
0.6447641877556429
0.7088836499404996
0.7275216163642282
0.6928189982663782
0.7168142801011891
0.06679092087507077
0.7146496746300142
0.7153440602761176
0.7151497923697079
0.7150399801966967
0.7111259949695456
0.675734817458507
0.6841953042023476
0.6737416768455269
0.6858540105528914
0.6764344508444434
0.7025595833710596
0.6942274348054776
0.6857750517093
0.6179621205024111
0.7228578720710137
0.7165581192878865
0.7166261763328152
0.6352277860095159
0.7157564483372999
0.722981280799155
0.6702057725842776
0.721761103025907
0.6673148158450819
0.6940832005756052
0.6769896565395215
0.6692473961382329
0.6823578624820723
0.6836336240486949
0.44273538548142277
0.6659010472721746
0.7221916457029035
0.7086388020802037
0.7226467941307411
0.6844516280483424
0.6827636408262818
0.6980814297677853
0.6744817944048036
0.6812099896790876
0.6625165698439841
0.6845367404449364
0.7164459363488587
0.6933162586158468
0.6825534691192132
0.6766873269472162
0.6859344771125431
0.6934314708058833
0.6720193923325339
0.6177527031765897
0.686194109786733
0.6003964075837391
0.6774950221624586
0.7150399801966967
0.6746429968060758
0.7167022046470528
0.6821545624456284
0.6869937431307241
0.6480811732565617
0.6227248436376641
0.6767517290222712
0.6783375349928318
0.6847736070737596
0.6835488926126638
0.6847736070737596
0.689676206499019
0.6383145556382283
0.6800143769160224
0.6803516653776153
0.650683405472305
0.6951808560425441
0.6861508969888389
0.6365010438522686
0.6656231499428416
0.6941387426182637
0.6852423028312387
0.6700438585927521
0.6193739170375419
0.6514440207764368
0.6879617605854387
0.6335068930842696
0.6466422625108585
0.6830004270554859
0.7015399189635092
0.6373439427994743
0.6845367404449364
0.6634783307770679
0.6556298780864938
0.6709784856687278
0.6198749549406706
0.6193004242727915
0.6376785816652065
0.598420899598719
0.01812518197863655
0.5967729682521287
0.6189437780483471
0.6981402482435414
0.5931900806724243
0.7028444172159551
0.6693106012846004
0.7240278201404663
0.717983593493851
0.7242694082686728
0.5922911771500952
0.6863696250019145
0.7184849596905264
0.7244252055280981
0.5462046842188866
0.629890383249583
0.6700299132304951
0.6794777608436802
0.6834386167976939
0.6471753883180329
0.7176905229747201
0.6873031766090593
0.7236429239400861
0.6057463178050465
0.6828349958026972
0.7165933354532052
0.7169765940529289
0.7068530780433044
0.7017659953078044
0.7158719630427219
0.6979387908374679
0.6184563625941668
0.24316717334936022
0.6973315175428866
0.6476907083276593
0.7240854980718392
0.7237501402774695
0.6989305762047112
0.6340977693891652
0.7245439310974201
0.7230707914024415
0.534355028499469
0.6872937663398274
0.6536878237944339
0.6960711895945826
0.650016643955805
0.7277839756693303
0.6482344513113957
0.6702381700488584
0.6925829385889793
0.6865395509099762
0.6555110424705491
0.6925807660532591
0.6362232461734298
0.663049559441832
0.6929043660114425
0.6894071554495653
0.6826770485185183
0.6875087200792636
0.693518074845191
0.6699237015416337
0.6382784975943301
0.7189619423436359
0.6887623391946736
0.6832395397037078
0.6601189013834704
0.6889003143543913
0.6551420555987733
0.693462084088244
0.6707690569621785
0.686062362896632
0.5964091300120833
0.6704521671240252
0.547397374608198
0.6342246389461967
0.6151274390908293
0.629066879384796
0.6132220594682812
-0.03395371223205812
0.5534878288726753
0.6331990614798513
0.6813029646002202
0.7126900074013962
0.68186853649204
0.5993651018387938
0.6722611690134364
0.6889003143543913
0.6931860110965085
0.7238785533123284
0.7099618184097256
0.6926303494266928
0.6891437761482655
0.6456377665395735
0.6486457742014773
0.6564331520332456
0.6773769863974575
0.7170888865013403
0.7078410038259724
0.7229936647553997
0.692054573847889
0.722981280799155
0.707315401209431
0.6934243963699225
0.7097709943004513
0.7144430491222262
0.6938834543930184
0.7224560083227035
0.7133450565496009
0.7137948344787735
0.5874029413712415
0.7115599775401084
0.6836975820418852
0.7222057761268553
0.7222205565617205
0.7153965662103476
0.7109394078601204
0.5823386141971978
0.7018012040920714
0.7220688837541007
0.713393498615882
0.7209223944847246
0.7226692491217765
0.7224560083227035
0.6496277854067476
0.6677285428222512
0.7226692491217765
0.7119991545476252
0.7119991545476252
0.6715239754848266
0.6548981760847734
0.6537498600266715
0.7158483282116808
0.6162932465275752
0.7209223944847246
0.7197129120408505
0.6794203753668717
0.7315694707429442
0.7210851472049
0.6774125169906458
0.7177610074754759
0.7204379400671761
0.7359214054642153
0.6852183842090427
0.6225838122892374
0.5335485470712618
0.7315694707429442
0.7142981502963057
0.5352234211140003
0.6227273590451031
0.6151821089504351
0.6706805845935078
0.6409615025821296
0.6620878795156415
0.6891146495605679
0.6309896602299896
0.6209108349202505
0.6942594086347464
0.7124759868433583
0.6721443987389779
0.6691638647269076
0.6918329439479493
0.6177543237819505
0.6274468995594722
0.6651524023256887
0.7195739227278674
0.6678282614328149
0.6736151508154198
0.6837974711118828
0.6758278096456058
0.6799526071130673
0.6570799298442075
0.7183640251942829
0.6932602658811918
0.6473266786078982
0.7066204218535654
0.6518878921465643
0.7183380933529497
0.705214809501756
0.637387969886908
0.6806217754387467
0.7096073515920989
0.624804204523546
0.6490919276655955
0.6735802335159533
0.6394133420096221
0.7189549061252472
0.680313837776434
0.7131143593519786
0.7063669220667634
0.6905105713995823
0.7208193180754081
