0.7176414347845219
0.7287659158245234
0.700035485109855
0.7192637566502816
0.7010533559854166
0.7256626465618061
0.7330259207454319
0.6956912529639152
0.6861679692172697
0.6745860702041129
0.7034062754458754
0.6788844708951303
0
0.6522091391958054
0.6382240275085844
0.6932426163156511
0.6585400079030186
0.619534956761217
0.4070298130829494
0.5193534256128974
0.532416697159267
0.6218971718482247
0.5467819581030382
0.4203280765966019
0.6284533319769949
0.4325668770146749
0.6185205037744592
0.5262654439686785
0
0.45414163367259663
0.41682864883648263
0.43575662383222613
0.15805611642217354
0.5290773143478631
0.4053599932890195
0.5052084566300716
0.39505900785046055
0.5156172611038008
0.40171238317995117
0.6284386182640674
0.4449439709163403
0.436244234636735
0.6016353212222186
0.16669990256280587
0.17682412117647195
0.1465701800628635
0.17811382243684892
0
0.1482018325671075
0.4016341630437231
0.16952318911267694
0.08220941109799973
0.16993157071951348
0.16937539614899022
0.14320422119151888
0
0.0245962630130393
0.16470715874288688
0
0.1282910949655408
0.1562000496430429
0
0
0
0
0
0
0
0
0
0
0
0
0.06840829434160922
0
0
0
0
0
0
0.016477655997411023
0
0
0
0
0
0
0
0
0
0
0
0
0
0
0
0
0
0
0
0
0
0
0
0
0
0
0
0
0
0
0
0
0
0
0
0
0
0
0
0
0
0
0
0
0
0
0
0
0
0
0
0
0
0
0
0
0
0
0
0
0
0
0
0
0
0
0
0
0
0
0
0
0
0
0
0
0
0
0
0
0
0
0
0
0
0
0
0
0
0
0
0
0
0
0
0
0
0
0
0
0
0
0
0
0
0
0
0
0
0
0
0
0
0
0
0
0
0
0
0
0
0
0
0
0
0
0
0
0
0
0
0
0
0
0
0
0
0
0
0
0
0
0
0
0
0
0
0
0
0
0
0
0
0
0
0
0
0
0
0
0
0
0
0
0
0
0
0
0
0
0
0
0
0
0
0
0
0
0
0
0
0
0
0
0
0
0
0
0
0
0
0
0
0
0
0
0
0
0
0
0
0
0
0
0
0
0
0
0
0
0
0
0
0
0
0
0
0
0
0
0
0
0
0
0
0
0
0
0
0
0
0
0
0
0
0
0
0
0
0
0
0
0
0
0
0
0
0
0
0
0
0
0
0
0
0
0
0
0
0
0
0
0
0
0
0
0
0
0
0
0
0
0
0
0
0
0
0
0
0
0
0
0
0
0
0
0
0
0
0
0
0
0
0
0
0
0
0
0
0
0
0
0
0
0
0
0
0
0
0
0
0
0
0
0
0
0
0
0
0
0
0
0
0
0
0
0
0
0
0
0
0
0
0
0
0
0
0
0
0
0
0
0
0
0
0
0
0
0
0
0
0
0
0
0
0
0
0
0
0
0
0
0
0
0
0
0
0
0
0
0
0
0
0
0
0
0
0
0
0
0
0
0
0
0
0
0
0
0
0
0
0
0
0
0
0
0
0
0
0
0
0
0
0
0
0
0
0
0
0
0
0
0
0
0
0
0
0
0
