8 10 6 15 8 5 8 18 6 11 6 5 11 0 0 0 0 0 0 0 0 0 0 0 0 0 1 1 1 0 0 0 0 1 1 0 0 0 1
18 25 15 23 12 27 12 17 21 15 16 15 28 0 0 0 0 0 0 0 0 0 0 0 0 0 1 0 0 0 1 0 0 0 1 1 0 0 0
0 1 4 2 3 2 8 5 2 0 0 0 1 0 0 0 0 0 0 0 0 0 0 0 0 0 1 1 0 1 1 0 1 1 0 1 1 1 0
24 42 9 35 31 59 18 31 26 23 6 30 22 0 0 0 0 0 0 0 0 0 0 0 0 0 1 1 0 1 1 0 0 1 1 0 1 0 0
6 4 7 3 3 5 4 11 5 3 1 5 1 0 0 0 0 0 0 0 0 0 0 0 0 0 0 0 1 1 1 0 0 0 0 1 1 1 0
2 4 4 2 1 2 1 6 0 5 0 3 0 0 0 0 0 0 0 0 0 0 0 0 0 0 1 1 1 1 1 0 0 1 1 1 1 1 0
14 12 14 0 2 19 15 32 2 13 0 4 18 0 0 0 0 0 0 0 0 0 0 0 0 0 0 1 1 0 1 0 1 1 1 1 0 1 1
15 10 12 5 6 16 14 43 5 7 0 4 6 0 0 0 0 0 0 0 0 0 0 0 0 0 1 1 1 1 0 1 0 0 0 1 0 0 0
12 4 17 3 3 15 2 45 1 9 1 4 3 0 0 0 0 0 0 0 0 0 0 0 0 0 1 1 1 0 1 0 1 1 1 1 1 1 0
15 5 29 1 8 60 18 68 5 22 1 0 6 0 0 0 0 0 0 0 0 0 0 0 0 0 0 1 0 0 1 1 0 1 0 1 1 0 0
13 4 10 2 3 15 5 20 0 4 7 0 7 0 0 0 0 0 0 0 0 0 0 0 0 0 0 0 0 0 0 1 0 1 0 1 1 0 0
19 5 32 4 5 50 22 61 3 30 2 4 10 0 0 0 0 0 0 0 0 0 0 0 0 0 1 1 1 0 0 0 1 1 0 1 1 0 0
