0.002823957793091303
0
0.04771039467980609
0.5534211025694817
0
0.01812518197863655
0
0.01812518197863655
0.09655826981649895
0
0.2855283415298282
0
0.5783750272171184
0
0
0
0.5484457586457558
0
0.04771039467980609
0.04771039467980609
0
0.06147106537145042
0.016841267569183693
0.04771039467980609
0.002823957793091303
0
0
0.04771039467980609
0.002823957793091303
0
0
0.002823957793091303
0
0.18323010985994792
0.2066439022565898
0.5780420550558685
0.021179708167675004
0
0.002823957793091303
0
0
0.002823957793091303
0.5987921492520704
0.2098654810069116
0.07261124931186147
0
0.07261124931186147
0.002823957793091303
0.08045639594063403
0.07261124931186147
0.07325039187950577
0.09655826981649895
0
0.04771039467980609
0.6432117607585504
0.6221961611285449
0
0.07261124931186147
0.05401557236585186
0.05401557236585186
0.1043009051722743
0.002823957793091303
0.07261124931186147
0.07261124931186147
0.002823957793091303
0.07261124931186147
0.05401557236585186
0.05401557236585186
0
0.07261124931186147
0.05401557236585186
0.002823957793091303
0.07261124931186147
0.05401557236585186
0.07261124931186147
0.07261124931186147
0
0.05401557236585186
0.07261124931186147
0.07261124931186147
0.05401557236585186
0.07261124931186147
0.002823957793091303
0.07261124931186147
0.07261124931186147
0.5780420550558685
0.002823957793091303
0.07261124931186147
0.08602522490375786
0
0.07261124931186147
0.039140218115350955
0
0.05401557236585186
0.07261124931186147
0.5783465207160308
0.07261124931186147
0.07261124931186147
0.5780420550558685
0.07261124931186147
0.05925217426439766
0.07261124931186147
0.002823957793091303
0.002823957793091303
0.002823957793091303
0.002823957793091303
0.002823957793091303
0.002823957793091303
0.002823957793091303
0.002823957793091303
0.07261124931186147
0.07261124931186147
0.002823957793091303
0.5780420550558685
0.5780420550558685
0.002823957793091303
0.002823957793091303
0.07261124931186147
0.002823957793091303
0.07261124931186147
0.07261124931186147
0.05401557236585186
0.07261124931186147
0.07261124931186147
0.002823957793091303
0.07261124931186147
0.002823957793091303
0.5780420550558685
0.07261124931186147
0.002823957793091303
0.07261124931186147
0.5780420550558685
0.5780420550558685
0.002823957793091303
0.5780420550558685
0.5780420550558685
0.5780420550558685
0.5780420550558685
0.5780420550558685
0.5783465207160308
0.5780420550558685
0.5780420550558685
0.5780420550558685
0.5780420550558685
0.5780420550558685
0.5780420550558685
0.5780420550558685
0.5780420550558685
0.5780420550558685
0.5780420550558685
0.5780420550558685
0.5780420550558685
0.5780420550558685
0.5780420550558685
0.5780420550558685
0.5780420550558685
0.5780420550558685
0.5780420550558685
0.5780420550558685
0.5780420550558685
0.5780420550558685
0.5780420550558685
0.5780420550558685
0.5780420550558685
0.5780420550558685
0.5780420550558685
0.5780420550558685
0.5780420550558685
0.5780420550558685
0.5780420550558685
0.5780420550558685
0.5780420550558685
0.5780420550558685
0.5780420550558685
0.5780420550558685
0.5780420550558685
0.5780420550558685
0.5780420550558685
0.5780420550558685
0.5780420550558685
0.5780420550558685
0.5780420550558685
0.5780420550558685
0.5780420550558685
0.5780420550558685
0.5780420550558685
0.5780420550558685
0.5780420550558685
0.5780420550558685
0.5783465207160308
0.5780420550558685
0.5780420550558685
0.5780420550558685
0.5780420550558685
0.5780420550558685
0.5780420550558685
0.5780420550558685
0.5780420550558685
0.5780420550558685
0.5780420550558685
0.5780420550558685
0.5780420550558685
0.5780420550558685
0.5780420550558685
0.5780420550558685
0.5780420550558685
0.5780420550558685
0.5780420550558685
0.5780420550558685
0.5780420550558685
0.5780420550558685
0.5780420550558685
0.5780420550558685
0.5780420550558685
0.5780420550558685
0.5780420550558685
0.5780420550558685
0.5780420550558685
0.5780420550558685
0.5780420550558685
0.5780420550558685
0.5780420550558685
0.5780420550558685
0.5780420550558685
0.5780420550558685
0.5780420550558685
0.5780420550558685
0.5780420550558685
0.5780420550558685
0.5780420550558685
0.5783465207160308
0.5780420550558685
0.5780420550558685
0.5780420550558685
0.5780420550558685
0.5780420550558685
0.5780420550558685
0.5780420550558685
0.5780420550558685
0.5780420550558685
0.5780420550558685
0.5780420550558685
0.5780420550558685
0.5780420550558685
0.5780420550558685
0.5780420550558685
0.5780420550558685
0.5780420550558685
0.5780420550558685
0.5780420550558685
0.5780420550558685
0.5780420550558685
0.5780420550558685
0.5780420550558685
0.5780420550558685
0.5780420550558685
0.5780420550558685
0.5780420550558685
0.5780420550558685
0.5780420550558685
0.5780420550558685
0.5780420550558685
0.5780420550558685
0.5780420550558685
0.5780420550558685
0.5780420550558685
0.5780420550558685
0.5780420550558685
0.5780420550558685
0.5780420550558685
0.5780420550558685
0.5780420550558685
0.5780420550558685
0.5780420550558685
0.5780420550558685
0.5780420550558685
0.5780420550558685
0.5780420550558685
0.5780420550558685
0.5780420550558685
0.5780420550558685
0.5780420550558685
0.5780420550558685
0.5780420550558685
0.5780420550558685
0.5780420550558685
0.5780420550558685
0.5780420550558685
0.5780420550558685
0.5780420550558685
0.5780420550558685
0.5780420550558685
0.5780420550558685
0.5780420550558685
0.5780420550558685
0.5780420550558685
0.5780420550558685
0.5780420550558685
0.5780420550558685
0.5780420550558685
0.5780420550558685
0.5780420550558685
0.5780420550558685
0.5780420550558685
0.5780420550558685
0.5780420550558685
0.5780420550558685
0.5780420550558685
0.5780420550558685
0.5780420550558685
0.5780420550558685
0.5780420550558685
0.5780420550558685
0.5780420550558685
0.5780420550558685
0.5780420550558685
0.5780420550558685
0.5780420550558685
0.5780420550558685
0.5780420550558685
0.5780420550558685
0.5780420550558685
0.5780420550558685
0.5780420550558685
0.5780420550558685
0.5780420550558685
0.5780420550558685
0.5780420550558685
0.5780420550558685
0.5780420550558685
0.5780420550558685
0.5780420550558685
0.5780420550558685
0.5780420550558685
0.5780420550558685
0.5780420550558685
0.5780420550558685
0.5780420550558685
0.5780420550558685
0.5780420550558685
0.5780420550558685
0.5780420550558685
0.5780420550558685
0.5780420550558685
0.5780420550558685
0.5783465207160308
0.5780420550558685
0.5780420550558685
0.5780420550558685
0.5780420550558685
0.5780420550558685
0.5780420550558685
0.5780420550558685
0.5780420550558685
0.5780420550558685
0.5780420550558685
0.5780420550558685
0.5780420550558685
0.5780420550558685
0.5780420550558685
0.5780420550558685
0.5780420550558685
0.5780420550558685
0.5780420550558685
0.5780420550558685
0.5780420550558685
0.5783465207160308
0.5780420550558685
0.5780420550558685
0.5780420550558685
0.5780420550558685
0.5780420550558685
0.5780420550558685
0.5780420550558685
0.5780420550558685
0.5780420550558685
0.5780420550558685
0.5780420550558685
0.5780420550558685
0.5780420550558685
0.5780420550558685
0.5780420550558685
0.5780420550558685
0.5780420550558685
0.5780420550558685
0.5780420550558685
0.5780420550558685
0.5780420550558685
0.5780420550558685
0.5780420550558685
0.5780420550558685
0.5780420550558685
0.5780420550558685
0.5780420550558685
0.5780420550558685
0.5780420550558685
0.5780420550558685
0.5780420550558685
0.5780420550558685
0.5780420550558685
0.5780420550558685
0.5780420550558685
0.5780420550558685
0.5780420550558685
0.5780420550558685
0.5780420550558685
0.5780420550558685
0.5780420550558685
0.5780420550558685
0.5780420550558685
0.5780420550558685
0.5780420550558685
0.5780420550558685
0.5780420550558685
0.5780420550558685
0.5780420550558685
0.5780420550558685
0.5780420550558685
0.5780420550558685
0.5780420550558685
0.5780420550558685
0.5780420550558685
0.5780420550558685
0.5780420550558685
0.5780420550558685
0.5780420550558685
0.5780420550558685
0.5780420550558685
0.5780420550558685
0.5780420550558685
0.5780420550558685
0.5780420550558685
0.5780420550558685
0.5780420550558685
0.5780420550558685
0.5780420550558685
0.5780420550558685
0.5780420550558685
0.5780420550558685
0.5780420550558685
0.5780420550558685
0.5780420550558685
0.5780420550558685
0.5780420550558685
0.5780420550558685
0.5780420550558685
0.5780420550558685
0.5780420550558685
0.5780420550558685
0.5780420550558685
0.5780420550558685
0.6002584877508252
0.5780420550558685
0.5780420550558685
0.5780420550558685
0.5780420550558685
0.5780420550558685
0.5780420550558685
0.5780420550558685
0.5780420550558685
0.5780420550558685
0.5780420550558685
0.5780420550558685
0.5780420550558685
0.5780420550558685
0.5780420550558685
0.5484457586457558
0.5780420550558685
0.5780420550558685
0.5780420550558685
0.5780420550558685
0.5780420550558685
0.5780420550558685
0.5780420550558685
0.5780420550558685
0.5780420550558685
0.5780420550558685
0.5780420550558685
0.5780420550558685
0.5780420550558685
0.5780420550558685
0.5780420550558685
0.5780420550558685
0.5780420550558685
0.5780420550558685
0.5780420550558685
0.5780420550558685
0.5780420550558685
0.5780420550558685
0.5780420550558685
0.5780420550558685
0.5780420550558685
0.5780420550558685
0.5780420550558685
0.5780420550558685
0.5780420550558685
0.5780420550558685
0.5780420550558685
0.5780420550558685
0.5780420550558685
0.5780420550558685
0.5780420550558685
0.5780420550558685
0.5780420550558685
0.5780420550558685
0.5780420550558685
0.5780420550558685
0.5783465207160308
0.5780420550558685
0.5780420550558685
0.5780420550558685
0.5780420550558685
0.5783465207160308
0.5780420550558685
0.5783465207160308
0.5780420550558685
0.5780420550558685
0.5780420550558685
0.5780420550558685
0.5783465207160308
0.5783465207160308
0.5783465207160308
0.5783465207160308
0.5783465207160308
0.5783465207160308
0.5780420550558685
0.5780420550558685
0.5780420550558685
0.5783465207160308
0.5783465207160308
0.5783465207160308
0.6207184027351702
0.5783465207160308
0.5783465207160308
0.5780420550558685
0.5780420550558685
0.5780420550558685
0.5783465207160308
0.5780420550558685
0.5783465207160308
0.5783465207160308
0.5780420550558685
0.5783465207160308
0.5780420550558685
0.5780420550558685
0.5780420550558685
0.5783465207160308
0.5783465207160308
0.5780420550558685
0.5780420550558685
0.5780420550558685
0.5780420550558685
0.5780420550558685
0.5783465207160308
0.5780420550558685
0.5780420550558685
0.5783465207160308
0.5780420550558685
0.5780420550558685
0.5780420550558685
0.5780420550558685
0.5780420550558685
0.5780420550558685
0.5783465207160308
0.5780420550558685
0.5780420550558685
0.5780420550558685
0.5780420550558685
0.5780420550558685
0.5780420550558685
0.5780420550558685
0.5780420550558685
0.5780420550558685
0.5783465207160308
0.5780420550558685
0.5783465207160308
0.5780420550558685
0.5783465207160308
0.5780420550558685
0.5783465207160308
0.5436391647432393
0.5783465207160308
0.5780420550558685
0.5780420550558685
0.5783465207160308
0.5783465207160308
0.5780420550558685
0.5783465207160308
0.5780420550558685
0.5780420550558685
0.5780420550558685
0.5783465207160308
0.5783465207160308
0.5780420550558685
0.5780420550558685
0.5780420550558685
0.5780420550558685
0.5780420550558685
0.5780420550558685
0.5783465207160308
0.5783465207160308
0.5783465207160308
0.5780420550558685
0.5780420550558685
0.5780420550558685
0.5780420550558685
0.5783465207160308
0.5780420550558685
0.5780420550558685
0.5783465207160308
0.5780420550558685
0.5780420550558685
0.5780420550558685
0.5780420550558685
0.5780420550558685
0.5780420550558685
0.5780420550558685
0.5780420550558685
0.5780420550558685
0.5780420550558685
0.5780420550558685
0.5783465207160308
0.5780420550558685
0.5780420550558685
0.5780420550558685
0.5780420550558685
0.5780420550558685
0.5780420550558685
0.5780420550558685
0.5780420550558685
0.5780420550558685
0.5780420550558685
0.5780420550558685
0.5780420550558685
0.5780420550558685
0.5780420550558685
0.5780420550558685
0.5780420550558685
0.5780420550558685
0.5780420550558685
0.5780420550558685
0.5780420550558685
0.5780420550558685
0.5780420550558685
0.5780420550558685
0.5780420550558685
0.5780420550558685
0.5780420550558685
0.5780420550558685
0.5780420550558685
0.5780420550558685
0.5780420550558685
0.5780420550558685
0.5780420550558685
0.5780420550558685
0.5780420550558685
0.5780420550558685
0.5780420550558685
0.598479642021178
0.5780420550558685
0.5780420550558685
0.5780420550558685
0.5780420550558685
0.5780420550558685
0.5780420550558685
0.5780420550558685
0.5780420550558685
0.5780420550558685
0.5780420550558685
0.5783465207160308
0.5783465207160308
0.5780420550558685
0.5780420550558685
0.5780420550558685
0.5780420550558685
0.5780420550558685
0.5780420550558685
0.5783465207160308
0.5780420550558685
0.5783465207160308
0.5780420550558685
0.5484457586457558
0.5783465207160308
0.5780420550558685
0.5783465207160308
0.5780420550558685
0.5780420550558685
0.5780420550558685
0.5780420550558685
0.5780420550558685
0.5783465207160308
0.5780420550558685
0.5780420550558685
0.5780420550558685
0.5780420550558685
0.5780420550558685
0.5780420550558685
0.5780420550558685
0.5783465207160308
0.5780420550558685
0.5780420550558685
0.5780420550558685
0.5780420550558685
0.5780420550558685
0.5783465207160308
0.5783465207160308
0.5780420550558685
0.5780420550558685
0.5783465207160308
0.5783465207160308
0.5780420550558685
0.5780420550558685
0.5780420550558685
0.5780420550558685
0.5780420550558685
0.5780420550558685
0.5780420550558685
0.5780420550558685
0.5780420550558685
0.5780420550558685
0.5780420550558685
0.5780420550558685
0.5780420550558685
0.5780420550558685
0.5780420550558685
0.5780420550558685
0.5780420550558685
0.5780420550558685
0.5780420550558685
0.5780420550558685
0.5780420550558685
0.5780420550558685
0.5780420550558685
0.5780420550558685
0.5780420550558685
0.5783465207160308
0.5780420550558685
0.5780420550558685
0.5780420550558685
0.5783465207160308
0.5780420550558685
0.5780420550558685
0.5780420550558685
0.5780420550558685
0.5780420550558685
0.5780420550558685
0.5780420550558685
0.5780420550558685
0.5783465207160308
0.5780420550558685
0.5780420550558685
0.5780420550558685
0.5780420550558685
0.5780420550558685
0.5780420550558685
0.5780420550558685
0.5780420550558685
0.5783465207160308
0.5780420550558685
0.5780420550558685
0.5780420550558685
0.5780420550558685
0.5780420550558685
0.5780420550558685
0.5780420550558685
0.5780420550558685
0.5780420550558685
0.5780420550558685
0.5783465207160308
0.5783465207160308
0.5780420550558685
0.5780420550558685
0.5780420550558685
0.5783465207160308
0.5780420550558685
0.5780420550558685
0.5780420550558685
0.5780420550558685
0.5780420550558685
0.5780420550558685
0.5780420550558685
0.5780420550558685
0.5780420550558685
0.5780420550558685
0.5780420550558685
0.5783465207160308
0.5780420550558685
0.5780420550558685
0.5780420550558685
0.5780420550558685
0.5780420550558685
0.5780420550558685
0.5783465207160308
0.5780420550558685
0.5780420550558685
0.5780420550558685
0.5783465207160308
0.5780420550558685
0.5780420550558685
0.5780420550558685
0.5783465207160308
0.5780420550558685
0.5780420550558685
0.5780420550558685
0.5780420550558685
0.5780420550558685
0.5780420550558685
0.5780420550558685
0.5783465207160308
0.5780420550558685
0.5783465207160308
0.5780420550558685
0.5783465207160308
0.5780420550558685
0.5780420550558685
0.5780420550558685
0.5780420550558685
0.5780420550558685
0.5780420550558685
0.5780420550558685
0.5780420550558685
0.5780420550558685
0.5780420550558685
0.5780420550558685
0.5780420550558685
0.5780420550558685
0.5783465207160308
0.5780420550558685
0.5780420550558685
0.5780420550558685
0.5780420550558685
0.5780420550558685
0.5780420550558685
0.5780420550558685
0.5780420550558685
0.5780420550558685
0.5780420550558685
0.5780420550558685
0.5780420550558685
0.5780420550558685
0.5780420550558685
0.5780420550558685
0.5780420550558685
0.5780420550558685
0.5780420550558685
0.5780420550558685
0.5780420550558685
0.5780420550558685
0.5780420550558685
0.5780420550558685
0.5780420550558685
0.5780420550558685
0.5780420550558685
0.5780420550558685
0.5780420550558685
0.5780420550558685
0.5780420550558685
0.5780420550558685
0.5780420550558685
0.5780420550558685
0.5780420550558685
0.5780420550558685
0.5780420550558685
0.5780420550558685
0.5780420550558685
0.5780420550558685
0.5780420550558685
0.5780420550558685
0.5780420550558685
0.5780420550558685
0.5780420550558685
0.5780420550558685
0.5780420550558685
0.5780420550558685
0.5780420550558685
0.5780420550558685
0.5780420550558685
0.5780420550558685
0.5780420550558685
0.5780420550558685
0.5780420550558685
0.5780420550558685
0.5780420550558685
0.5780420550558685
0.5780420550558685
0.5780420550558685
0.5780420550558685
0.5780420550558685
0.5780420550558685
0.5780420550558685
0.5780420550558685
0.5780420550558685
0.5780420550558685
0.5780420550558685
0.5780420550558685
0.5780420550558685
0.5780420550558685
0.5780420550558685
0.5780420550558685
0.5780420550558685
0.5780420550558685
0.5780420550558685
0.5780420550558685
0.5780420550558685
0.5780420550558685
0.5780420550558685
0.5780420550558685
0.5780420550558685
0.5780420550558685
0.5780420550558685
0.5780420550558685
0.5780420550558685
0.5780420550558685
0.5780420550558685
0.5780420550558685
0.5780420550558685
0.5780420550558685
0.5780420550558685
0.5780420550558685
0.5780420550558685
0.5780420550558685
0.5780420550558685
0.5780420550558685
0.5780420550558685
0.5780420550558685
0.5780420550558685
0.5780420550558685
0.5780420550558685
0.5780420550558685
0.5780420550558685
0.5780420550558685
0.5780420550558685
0.5780420550558685
0.5780420550558685
0.5780420550558685
0.5780420550558685
0.5780420550558685
0.5780420550558685
0.5780420550558685
0.5783465207160308
0.5780420550558685
0.5780420550558685
0.5780420550558685
0.5780420550558685
0.5780420550558685
0.5780420550558685
0.5780420550558685
0.5780420550558685
0.5780420550558685
0.5780420550558685
0.5780420550558685
0.5780420550558685
0.5783465207160308
0.5780420550558685
0.5780420550558685
0.5780420550558685
0.5780420550558685
0.5780420550558685
0.5780420550558685
0.5780420550558685
0.5780420550558685
0.5780420550558685
0.5780420550558685
0.5780420550558685
0.5780420550558685
0.5780420550558685
0.5780420550558685
0.5780420550558685
0.5780420550558685
0.5780420550558685
0.5783465207160308
0.5780420550558685
0.5780420550558685
0.5780420550558685
0.5780420550558685
0.5780420550558685
0.5780420550558685
0.5780420550558685
0.5780420550558685
0.5783465207160308
0.5780420550558685
0.5780420550558685
0.5780420550558685
0.5783465207160308
0.5780420550558685
0.5780420550558685
0.5780420550558685
0.5780420550558685
0.5783465207160308
0.5780420550558685
0.5780420550558685
0.5780420550558685
0.5783465207160308
0.5780420550558685
0.5780420550558685
0.5780420550558685
0.5783465207160308
0.5780420550558685
0.5780420550558685
0.5780420550558685
0.5780420550558685
0.5780420550558685
0.5780420550558685
0.5780420550558685
0.5780420550558685
0.5780420550558685
0.5780420550558685
0.5780420550558685
0.5780420550558685
0.5783465207160308
0.5780420550558685
0.5780420550558685
0.5780420550558685
0.5780420550558685
0.5780420550558685
0.5780420550558685
0.5780420550558685
0.5780420550558685
0.5780420550558685
0.5780420550558685
0.5780420550558685
0.5780420550558685
0.5780420550558685
0.5780420550558685
0.5783465207160308
0.5780420550558685
0.5783465207160308
0.5780420550558685
0.5780420550558685
0.5783465207160308
0.5780420550558685
0.5484457586457558
0.5780420550558685
0.5780420550558685
0.5780420550558685
0.5780420550558685
0.5780420550558685
0.5780420550558685
0.5780420550558685
0.5780420550558685
0.5780420550558685
0.5780420550558685
0.5780420550558685
0.5780420550558685
0.5780420550558685
0.5780420550558685
0.5780420550558685
0.5780420550558685
0.5780420550558685
0.5780420550558685
0.5780420550558685
0.5783465207160308
0.5780420550558685
0.5780420550558685
0.5780420550558685
0.5780420550558685
0.5780420550558685
0.5780420550558685
0.5780420550558685
0.5780420550558685
0.5780420550558685
0.5780420550558685
0.5780420550558685
0.5780420550558685
0.5780420550558685
0.598479642021178
0.5780420550558685
0.5780420550558685
0.598479642021178
0.5780420550558685
0.5783465207160308
0.5780420550558685
0.5780420550558685
0.598479642021178
0.598479642021178
0.598479642021178
0.5493243143698685
0.629666368810849
0.629952787418929
0.6207184027351702
0.6866620329144767
0.6618145958470931
0.579396854313746
0.5484457586457558
0.5484457586457558
0.5794214463114057
0.57773467198273
0.6387182415262256
0
0.6349395307732522
0.6379664953041959
0.6367875757063373
0.6002584877508252
0.5780420550558685
0
0.5915388801912473
0.5917815733985845
0.6146498046206286
0.5484457586457558
0.5915100046712521
0.5484457586457558
0.5484457586457558
0.5484457586457558
0.5484457586457558
0.5422477743339083
0.5416297818672642
0.5195922350758738
0.5893077157613545
0
0.5195922350758738
0
0.6126085015145324
0.5484457586457558
0
0.5484457586457558
0.5195922350758738
0.5416297818672642
0.5484457586457558
0.5484457586457558
0.5195922350758738
0.03479052224587331
0.5484457586457558
0.5484457586457558
0.5484457586457558
0.5484457586457558
0.5484457586457558
0.5493243143698685
0.5484457586457558
0.5484457586457558
0.6013612479014637
0.5484457586457558
0.5484457586457558
0.5484457586457558
0.5484457586457558
0.5484457586457558
0.5484457586457558
0.5484457586457558
0.5484457586457558
0.5484457586457558
0.5484457586457558
0.5837507857676422
0.5484457586457558
0.5416297818672642
0.5484457586457558
0.5484457586457558
0.5484457586457558
0.5484457586457558
0.5484457586457558
0.5484457586457558
0.5484457586457558
0.5484457586457558
0.5484457586457558
0.5484457586457558
0.5484457586457558
0.5484457586457558
0.5484457586457558
0.5484457586457558
0.5484457586457558
0.5484457586457558
0.5484457586457558
0.5484457586457558
0.5484457586457558
0.5484457586457558
0.5484457586457558
0.5484457586457558
0.5484457586457558
0.5484457586457558
0.5484457586457558
0.5484457586457558
0.5484457586457558
0.5484457586457558
0.5484457586457558
0.5484457586457558
0.5484457586457558
0.5484457586457558
0.5484457586457558
0.5484457586457558
0.5484457586457558
0.5484457586457558
0.5484457586457558
0.5484457586457558
0.5484457586457558
0.5484457586457558
0.5484457586457558
0.5484457586457558
0.5484457586457558
0.5484457586457558
0.5484457586457558
0.5484457586457558
0.5484457586457558
0.5484457586457558
0.5484457586457558
0.5484457586457558
0.5484457586457558
0.5484457586457558
0.5523266708513906
0.5484457586457558
0.5484457586457558
0.5484457586457558
0.5484457586457558
0.57773467198273
0.5484457586457558
0.5484457586457558
0.5484457586457558
0.5484457586457558
0.5484457586457558
0.5484457586457558
0.5484457586457558
0.5484457586457558
0.5484457586457558
0.5484457586457558
0.5484457586457558
0.5484457586457558
0.5484457586457558
0.5484457586457558
0.5484457586457558
0.5484457586457558
0.5484457586457558
0.5484457586457558
0.5484457586457558
0.5484457586457558
0.5484457586457558
0.5484457586457558
0.5484457586457558
0.5484457586457558
0.5484457586457558
0.5484457586457558
0.5484457586457558
0.5484457586457558
0.5484457586457558
0.5484457586457558
0.5484457586457558
0.5484457586457558
0.5484457586457558
0.5484457586457558
0.5484457586457558
0.5484457586457558
0.5484457586457558
0.5484457586457558
0.5484457586457558
0.5484457586457558
0.5484457586457558
0.5484457586457558
0.5484457586457558
0.5484457586457558
0.5484457586457558
0.5484457586457558
0.5484457586457558
0.5484457586457558
0.5484457586457558
0.5484457586457558
0.5484457586457558
0.5484457586457558
0.5484457586457558
0.5484457586457558
0.5484457586457558
0.5484457586457558
0.5484457586457558
0.5484457586457558
0.5484457586457558
0.5484457586457558
0.5484457586457558
0.5484457586457558
0.5484457586457558
0.5484457586457558
0.5484457586457558
0.5484457586457558
0.5484457586457558
0.5484457586457558
0.5484457586457558
0.5484457586457558
0.5484457586457558
0.5484457586457558
0.5484457586457558
0.5484457586457558
0.5484457586457558
0.5484457586457558
0.5484457586457558
0.5484457586457558
0.5484457586457558
0.5484457586457558
0.5484457586457558
0.5484457586457558
0.5484457586457558
0.5484457586457558
0.5484457586457558
0.5484457586457558
0.5484457586457558
0.5484457586457558
0.5484457586457558
0.5484457586457558
0.5484457586457558
0.5484457586457558
0.5484457586457558
0.5484457586457558
0.5484457586457558
0.5484457586457558
0.5484457586457558
0.5484457586457558
0.5484457586457558
0.5484457586457558
0.5484457586457558
0.5484457586457558
0.5484457586457558
0.5484457586457558
0.5484457586457558
0.5484457586457558
0.5484457586457558
0.5484457586457558
0.5484457586457558
0.5484457586457558
0.5484457586457558
0.5484457586457558
0.5484457586457558
0.5484457586457558
0.5484457586457558
0.5484457586457558
0.5484457586457558
0.5484457586457558
0.5484457586457558
0.5484457586457558
0.5484457586457558
0.5484457586457558
0.5484457586457558
0.5912660600611637
0.5484457586457558
0.5484457586457558
0.5484457586457558
0.5484457586457558
0.584438462097927
0.5484457586457558
0.5484457586457558
0.5484457586457558
0.5484457586457558
0.5484457586457558
0.5484457586457558
0.5484457586457558
0.5484457586457558
0.57773467198273
0.5484457586457558
0.584438462097927
0.584438462097927
0.599459874128365
0.584438462097927
0.599459874128365
0.584438462097927
0.584438462097927
0.584438462097927
0.584438462097927
0.584438462097927
0.6221961611285449
0.584438462097927
0.584438462097927
0.584438462097927
0.584438462097927
0.584438462097927
0.584438462097927
0.584438462097927
0.584438462097927
0.584438462097927
0.584438462097927
0.584438462097927
0.6221961611285449
0.584438462097927
0.584438462097927
0.584438462097927
0.584438462097927
0.584438462097927
0.584438462097927
0.584438462097927
0.584438462097927
0.584438462097927
0.584438462097927
0.584438462097927
0.6221961611285449
0.584438462097927
0.584438462097927
0.584438462097927
0.584438462097927
0.584438462097927
0.584438462097927
0.584438462097927
0.584438462097927
0.584438462097927
0.584438462097927
0.584438462097927
0.584438462097927
0.584438462097927
0.584438462097927
0.584438462097927
0.5846978535790572
0.6221961611285449
0.584438462097927
0.6221961611285449
0.584438462097927
0.584438462097927
0.6207184027351702
0.584438462097927
0.584438462097927
0.584438462097927
0.584438462097927
0.584438462097927
0.584438462097927
0.584438462097927
0.584438462097927
0.584438462097927
0.584438462097927
0.584438462097927
0.6221961611285449
0.584438462097927
0.584438462097927
0.584438462097927
0.584438462097927
0.584438462097927
0.584438462097927
0.584438462097927
0.584438462097927
0.584438462097927
0.584438462097927
0.584438462097927
0.584438462097927
0.584438462097927
0.584438462097927
0.584438462097927
0.584438462097927
0.584438462097927
0.584438462097927
0.584438462097927
0.584438462097927
0.584438462097927
0.584438462097927
0.584438462097927
0.584438462097927
0.584438462097927
0.584438462097927
0.584438462097927
0.584438462097927
0.584438462097927
0.584438462097927
0.584438462097927
0.584438462097927
0.584438462097927
0.584438462097927
0.584438462097927
0.584438462097927
0.584438462097927
0.584438462097927
0.584438462097927
0.584438462097927
0.584438462097927
0.584438462097927
0.584438462097927
0.584438462097927
0.584438462097927
0.584438462097927
0.584438462097927
0.584438462097927
0.584438462097927
0.584438462097927
0.584438462097927
0.584438462097927
0.584438462097927
0.584438462097927
0.584438462097927
0.584438462097927
0.584438462097927
0.584438462097927
0.584438462097927
0.584438462097927
0.584438462097927
0.584438462097927
0.584438462097927
0.584438462097927
0.584438462097927
0.584438462097927
0.584438462097927
0.584438462097927
0.584438462097927
0.584438462097927
0.584438462097927
0.584438462097927
0.584438462097927
0.584438462097927
0.584438462097927
0.584438462097927
0.584438462097927
0.584438462097927
0.584438462097927
0.584438462097927
0.584438462097927
0.584438462097927
0.584438462097927
0.584438462097927
0.584438462097927
0.584438462097927
0.584438462097927
0.584438462097927
0.584438462097927
0.584438462097927
0.584438462097927
0.584438462097927
0.584438462097927
0.584438462097927
0.584438462097927
0.584438462097927
0.584438462097927
0.584438462097927
0.584438462097927
0.584438462097927
0.584438462097927
0.584438462097927
0.584438462097927
0.584438462097927
0.6221961611285449
0.584438462097927
0.584438462097927
0.584438462097927
0.584438462097927
0.584438462097927
0.584438462097927
0.584438462097927
0.584438462097927
0.584438462097927
0.584438462097927
0.584438462097927
0.584438462097927
0.584438462097927
0.584438462097927
0.584438462097927
0.584438462097927
0.584438462097927
0.584438462097927
0.584438462097927
0.6221961611285449
0.584438462097927
0.584438462097927
0.584438462097927
0.584438462097927
0.584438462097927
0.584438462097927
0.6221961611285449
0.6221961611285449
0.6221961611285449
0.6221961611285449
0.6221961611285449
0.584438462097927
0.6221961611285449
0.6221961611285449
0.6221961611285449
0.6221961611285449
0.6221961611285449
0.6221961611285449
0.6221961611285449
0.6221961611285449
0.6221961611285449
0.6221961611285449
0.6221961611285449
0.6221961611285449
0.6221961611285449
0.6221961611285449
0.6221961611285449
0.6221961611285449
0.6221961611285449
0.6221961611285449
0.6221961611285449
0.6221961611285449
0.6221961611285449
0.6221961611285449
0.6221961611285449
0.6221961611285449
0.6221961611285449
0.6221961611285449
0.6221961611285449
0.6221961611285449
0.6221961611285449
0.6221961611285449
0.6221961611285449
0.6221961611285449
0.6221961611285449
0.6221961611285449
0.6221961611285449
0.6221961611285449
0.6221961611285449
0.6221961611285449
0.6221961611285449
0.6221961611285449
0.6221961611285449
0.6221961611285449
0.6221961611285449
0.6221961611285449
0.6221961611285449
0.6221961611285449
0.6221961611285449
0.6221961611285449
0.6221961611285449
0.6221961611285449
0.6221961611285449
0.6221961611285449
0.6221961611285449
0.6221961611285449
0.6221961611285449
0.6221961611285449
0.6221961611285449
0.6221961611285449
0.6221961611285449
0.6221961611285449
0.6221961611285449
0.6221961611285449
0.6221961611285449
0.6221961611285449
0.6221961611285449
0.6221961611285449
0.6221961611285449
0.6221961611285449
0.6221961611285449
0.6221961611285449
0.6221961611285449
0.6221961611285449
0.6221961611285449
0.6221961611285449
0.6221961611285449
0.6221961611285449
0.6221961611285449
0.6221961611285449
0.6221961611285449
0.6221961611285449
0.6221961611285449
0.6221961611285449
0.6221961611285449
0.6221961611285449
0.6221961611285449
0.6221961611285449
0.6221961611285449
0.6221961611285449
0.6221961611285449
0.6221961611285449
0.6221961611285449
0.6221961611285449
0.6221961611285449
0.6221961611285449
0.6221961611285449
0.6221961611285449
0.6221961611285449
0.6221961611285449
0.6221961611285449
0.6221961611285449
0.6221961611285449
0.6221961611285449
0.6221961611285449
0.6221961611285449
0.6221961611285449
0.6221961611285449
0.6221961611285449
0.6221961611285449
0.6221961611285449
0.6221961611285449
0.6221961611285449
0.6221961611285449
0.6221961611285449
0.6221961611285449
0.6221961611285449
0.6221961611285449
0.6221961611285449
0.6221961611285449
0.6221961611285449
0.6221961611285449
0.6221961611285449
0.6221961611285449
0.6221961611285449
0.6221961611285449
0.6221961611285449
0.6221961611285449
0.6221961611285449
0.6221961611285449
0.6221961611285449
0.6221961611285449
0.6221961611285449
0.6221961611285449
0.6221961611285449
0.6221961611285449
0.6221961611285449
0.6221961611285449
0.6221961611285449
0.6221961611285449
0.6221961611285449
0.6221961611285449
0.6221961611285449
0.6221961611285449
0.6221961611285449
0.6221961611285449
0.6221961611285449
0.6221961611285449
0.6221961611285449
0.6221961611285449
0.6221961611285449
0.6221961611285449
0.6221961611285449
0.6221961611285449
0.6221961611285449
0.6221961611285449
0.6221961611285449
0.6221961611285449
0.6221961611285449
0.6221961611285449
0.6221961611285449
0.6221961611285449
0.6221961611285449
0.6221961611285449
0.6221961611285449
0.6221961611285449
0.6221961611285449
0.6221961611285449
0.6221961611285449
0.6221961611285449
0.6221961611285449
0.6221961611285449
0.6221961611285449
0.6221961611285449
0.6221961611285449
0.6221961611285449
0.6221961611285449
0.6221961611285449
0.6221961611285449
0.6221961611285449
0.6221961611285449
0.6221961611285449
0.6221961611285449
0.6221961611285449
0.6221961611285449
0.6221961611285449
0.6221961611285449
0.6221961611285449
0.6221961611285449
0.6221961611285449
0.6221961611285449
0.6221961611285449
0.6221961611285449
0.6221961611285449
0.6221961611285449
0.6221961611285449
0.6221961611285449
0.6221961611285449
0.6221961611285449
0.6221961611285449
0.6221961611285449
0.6221961611285449
0.6221961611285449
0.6221961611285449
0.6221961611285449
0.6221961611285449
0.6221961611285449
0.6221961611285449
0.6221961611285449
0.6221961611285449
0.6221961611285449
0.6221961611285449
0.6221961611285449
0.6221961611285449
0.6221961611285449
0.6221961611285449
0.6502396299302828
0.6221961611285449
0.6551538113035815
0.6221961611285449
0.6221961611285449
0.5484457586457558
0.584438462097927
0.584438462097927
0.6221961611285449
0.6221961611285449
0.6221961611285449
0.5495061906144889
0.6221961611285449
0.5836511753006498
0.662387598968686
0.5484457586457558
0.6772843692208284
0.6126468138376617
0.6221961611285449
0.5484457586457558
0.6157432808642616
0
0
0.5783601565794156
0.5528195275369759
0.6200190015809705
0.6345309424959057
0.6373017696826218
0.6251929599358375
0.5877393141413434
0.5780420550558685
0.5882530952071869
0.5523266708513906
0.6557093253266473
0.5797509808295989
0.6941656255019475
0.6744217158287646
0.6958713270125668
0.6760806115257962
0.6559995185295163
0.5959635758740427
0.687939164193448
0.6384302878411923
0.6730941151989022
0.6710137650418024
0.6559995185295163
0.6007928484822371
0.6771666281525748
0.6559995185295163
0.5810525596808389
0.5786013820935592
0.5994553576761087
0.6221961611285449
0.6730941151989022
0.5879300940925016
0.5917295714642832
0.6371311272848357
0.6350073800213085
0.598616758539258
0.5783601565794156
0.5780420550558685
0.6428299974556477
0.6966509958986433
0.5824464948524777
0.5883596242198975
0.618841999325914
0.5794369572576794
0.6952716893174467
0.5811314084076473
0.6847346234622824
0.650857453025627
0.5794369572576794
0.5794369572576794
0.5882015617678713
0.6892252490347991
0.5794369572576794
0.6801139365672138
0.5794369572576794
0.5794369572576794
0.5786832906721489
0.695305607379402
0.5794369572576794
0.5791838257923175
0.5794369572576794
0.6486357468646162
0.6336905960933659
0.5794369572576794
0.5793769576699304
0.5794369572576794
0.5794369572576794
0.6336905960933659
0.5876239852249079
0.5794369572576794
0.6338027189626445
0.5794369572576794
0.5794369572576794
0.5803129505798845
0.5794369572576794
0.5794369572576794
0.598616758539258
0.6336905960933659
0.5882015617678713
0.5794369572576794
0.5794369572576794
0.5794369572576794
0.5794369572576794
0.5794369572576794
0.6201210677876907
0.5794369572576794
0.5794369572576794
0.5794369572576794
0.5794369572576794
0.5794369572576794
0.5794369572576794
0.6486357468646162
0.6336905960933659
0.5794369572576794
0.6336905960933659
0.5789402214267201
0.5794369572576794
0.5794369572576794
0.6200190015809705
0.6200190015809705
0.6336905960933659
0.5883596242198975
0.6200190015809705
0.6221961611285449
0.6338027189626445
0.6200190015809705
0.5794369572576794
0.5794369572576794
0.6338027189626445
0.6221961611285449
0.6221961611285449
0.6221961611285449
0.6221961611285449
0.6221961611285449
0.6221961611285449
0.6201210677876907
0.6221961611285449
0.6198998484397293
0.6221961611285449
0.6201210677876907
0.6201210677876907
0.6221961611285449
0.6221961611285449
0.6221961611285449
0.6221961611285449
0.6221961611285449
0.6221961611285449
0.6221961611285449
0.6221961611285449
0.6221961611285449
0.6221961611285449
0.584438462097927
0.6221961611285449
0.6559995185295163
0.6221961611285449
0.6201210677876907
0.6221961611285449
0.6221961611285449
0.6221961611285449
0.6221961611285449
0.6221961611285449
0.6221961611285449
0.6221961611285449
0.6221961611285449
0.6201210677876907
0.6221961611285449
0.6367123886633264
0.6221961611285449
0.6221961611285449
0.6221961611285449
0.6554057478973699
0.6221961611285449
0.6221961611285449
0.6221961611285449
0.6221961611285449
0.6221961611285449
0.6221961611285449
0.6221961611285449
0.6201210677876907
0.6345309424959057
0.6221961611285449
0.6221961611285449
0.6201210677876907
0.6345309424959057
0.6559995185295163
0.6221961611285449
0.6221961611285449
0.6221961611285449
0.6221961611285449
0.6367123886633264
0.6221961611285449
0.6221961611285449
0.6221961611285449
0.6201210677876907
0.6548887922387034
0.6221961611285449
0.6201210677876907
0.6221961611285449
0.6221961611285449
0.6221961611285449
0.6221961611285449
0.6221961611285449
0.6221961611285449
0.6221961611285449
0.6221961611285449
0.6201210677876907
0.6221961611285449
0.6710137650418024
0.6221961611285449
0.6201210677876907
0.6221961611285449
0.6554057478973699
0.5879300940925016
0.6221961611285449
0.6221961611285449
0.6221961611285449
0.6221961611285449
0.6221961611285449
0.6221961611285449
0.6221961611285449
0.6221961611285449
0.6221961611285449
0.6221961611285449
0.6221961611285449
0.6221961611285449
0.6221961611285449
0.6221961611285449
0.6221961611285449
0.6221961611285449
0.6221961611285449
0.6221961611285449
0.6221961611285449
0.6221961611285449
0.6221961611285449
0.6221961611285449
0.6221961611285449
0.6221961611285449
