0.002823957793091303
-0.016584919763499517
0.04771039467980609
0.5534211025694817
-0.04143116122842638
0.01812518197863655
-0.02728590823436372
0.01812518197863655
0.08354793378484526
0
0.2832420555880175
0
0.5780127622801707
-0.02830862114395516
-0.027120864600117978
-0.02217381710142119
0.0
0
-0.04602816599622228
0.04771039467980609
0
0.06147106537145042
-0.01803743370982036
0.04771039467980609
-0.007131714065982564
0
-0.025269724000086535
0.028115341622313772
0.002823957793091303
0
-0.057437973253786856
-0.00956665985343741
-0.025269724000086535
0.18323010985994792
0.20281582152901234
0.5780420550558685
0.021179708167675004
0
0.002089214654450222
0
0
0.0
0.566157339881328
0.07517320416903428
0.0725328449945637
0
0.07261124931186147
0.001674511896312847
-0.004072448249622607
0.0725328449945637
0.07325039187950577
0.09655826981649895
-0.02728590823436372
0.020725473577612008
0.6206081631802711
0.5664302011692381
-0.027120864600117978
0.07261124931186147
0.05401557236585186
0.05401557236585186
0.1043009051722743
0.001674511896312847
0.05401557236585186
0.05401557236585186
0.001674511896312847
0.05405921737102015
0.05401557236585186
0.05401557236585186
-0.02646643998171827
0.05405921737102015
0.05401557236585186
0.001674511896312847
0.07261124931186147
0.05401557236585186
0.07261124931186147
0.05401557236585186
0
0.05401557236585186
0.07261124931186147
0.05401557236585186
0.05401557236585186
0.07261124931186147
0.001674511896312847
0.07261124931186147
0.07261124931186147
0.5780420550558685
0.001674511896312847
0.07261124931186147
0.08602522490375786
0
0.07261124931186147
0.039140218115350955
0
0.05401557236585186
0.07261124931186147
0.5783465207160308
0.07261124931186147
0.05401557236585186
0.5780420550558685
0.07261124931186147
0.05925217426439766
0.07261124931186147
-0.020379780393984026
0.002823957793091303
0.002823957793091303
0.002823957793091303
0.002823957793091303
0.002823957793091303
0.002823957793091303
0.002823957793091303
0.07261124931186147
0.07261124931186147
0.002823957793091303
0.5780420550558685
0.5780420550558685
0.002823957793091303
0.002823957793091303
0.07261124931186147
0.002823957793091303
0.07261124931186147
0.07261124931186147
0.05401557236585186
0.07261124931186147
0.07261124931186147
0.002823957793091303
0.07261124931186147
-0.010741398864702267
0.5780420550558685
0.07261124931186147
0.002823957793091303
0.07261124931186147
0.5780420550558685
0.5780420550558685
0.002823957793091303
0.5780420550558685
0.5780420550558685
0.5780420550558685
0.5780420550558685
0.5780420550558685
0.5783465207160308
0.5780420550558685
0.5780420550558685
0.5780420550558685
0.5780420550558685
0.5780420550558685
0.5780420550558685
0.5780420550558685
0.5780420550558685
0.5780420550558685
0.5780420550558685
0.5780420550558685
0.5780420550558685
0.5780420550558685
0.5780420550558685
0.5780420550558685
0.5780420550558685
0.5780420550558685
0.5780420550558685
0.5780420550558685
0.5780420550558685
0.5780420550558685
0.5780420550558685
0.5780420550558685
0.5780420550558685
0.5780420550558685
0.5780420550558685
0.5780420550558685
0.5780420550558685
0.5780420550558685
0.5780420550558685
0.5780420550558685
0.5780420550558685
0.5780420550558685
0.5780420550558685
0.5780420550558685
0.5780420550558685
0.5780420550558685
0.5780420550558685
0.5780420550558685
0.5780420550558685
0.5780420550558685
0.5780420550558685
0.5780420550558685
0.5780420550558685
0.5780420550558685
0.5780420550558685
0.5780420550558685
0.5780420550558685
0.5780420550558685
0.5783465207160308
0.5780420550558685
0.5780420550558685
0.5780420550558685
0.5780420550558685
0.5780420550558685
0.5780420550558685
0.5780420550558685
0.5780420550558685
0.5780420550558685
0.5780420550558685
0.5780420550558685
0.5780420550558685
0.5780420550558685
0.5780420550558685
0.5780420550558685
0.5780420550558685
0.5780420550558685
0.5780420550558685
0.5780420550558685
0.5780420550558685
0.5780420550558685
0.5780420550558685
0.5780420550558685
0.5780420550558685
0.5780420550558685
0.5780420550558685
0.5780420550558685
0.5780420550558685
0.5780420550558685
0.5780420550558685
0.5780420550558685
0.5780420550558685
0.5780420550558685
0.5780420550558685
0.5780420550558685
0.5780420550558685
0.5780420550558685
0.5780420550558685
0.5780420550558685
0.5780420550558685
0.5783465207160308
0.5780420550558685
0.5780420550558685
0.5780420550558685
0.5780420550558685
0.5780420550558685
0.5780420550558685
0.5780420550558685
0.5780420550558685
0.5780420550558685
0.5780420550558685
0.5780420550558685
0.5780420550558685
0.5780420550558685
0.5780420550558685
0.5780420550558685
0.5780420550558685
0.5780420550558685
0.5780420550558685
0.5780420550558685
0.5780420550558685
0.5780420550558685
0.5780420550558685
0.5780420550558685
0.5780420550558685
0.5780420550558685
0.5780420550558685
0.5780420550558685
0.5780420550558685
0.5780420550558685
0.5780420550558685
0.5780420550558685
0.5780420550558685
0.5780420550558685
0.5780420550558685
0.5780420550558685
0.5780420550558685
0.5780420550558685
0.5780420550558685
0.5780420550558685
0.5780420550558685
0.5780420550558685
0.5780420550558685
0.5780420550558685
0.5780420550558685
0.5780420550558685
0.5780420550558685
0.5780420550558685
0.5780420550558685
0.5780420550558685
0.5780420550558685
0.5780420550558685
0.5780420550558685
0.5780420550558685
0.5780420550558685
0.5780420550558685
0.5780420550558685
0.5780420550558685
0.5780420550558685
0.5780420550558685
0.5780420550558685
0.5780420550558685
0.5780420550558685
0.5780420550558685
0.5780420550558685
0.5780420550558685
0.5780420550558685
0.5780420550558685
0.5780420550558685
0.5780420550558685
0.5780420550558685
0.5780420550558685
0.5780420550558685
0.5780420550558685
0.5780420550558685
0.5780420550558685
0.5780420550558685
0.5780420550558685
0.5780420550558685
0.5780420550558685
0.5780420550558685
0.5780420550558685
0.5780420550558685
0.5780420550558685
0.5780420550558685
0.5780420550558685
0.5780420550558685
0.5780420550558685
0.5780420550558685
0.5780420550558685
0.5780420550558685
0.5780420550558685
0.5780420550558685
0.5780420550558685
0.5780420550558685
0.5780420550558685
0.5780420550558685
0.5780420550558685
0.5780420550558685
0.5780420550558685
0.5780420550558685
0.5780420550558685
0.5780420550558685
0.5780420550558685
0.5780420550558685
0.5780420550558685
0.5780420550558685
0.5780420550558685
0.5780420550558685
0.5780420550558685
0.5780420550558685
0.5780420550558685
0.5780420550558685
0.5780420550558685
0.5780420550558685
0.5783465207160308
0.5780420550558685
0.5780420550558685
0.5780420550558685
0.5780420550558685
0.5780420550558685
0.5780420550558685
0.5780420550558685
0.5780420550558685
0.5780420550558685
0.5780420550558685
0.5780420550558685
0.5780420550558685
0.5780420550558685
0.5780420550558685
0.5780420550558685
0.5780420550558685
0.5780420550558685
0.5780420550558685
0.5780420550558685
0.5780420550558685
0.5783465207160308
0.5780420550558685
0.5780420550558685
0.5780420550558685
0.5780420550558685
0.5780420550558685
0.5780420550558685
0.5780420550558685
0.5780420550558685
0.5780420550558685
0.5780420550558685
0.5780420550558685
0.5780420550558685
0.5780420550558685
0.5780420550558685
0.5780420550558685
0.5780420550558685
0.5780420550558685
0.5780420550558685
0.5780420550558685
0.5780420550558685
0.5780420550558685
0.5780420550558685
0.5780420550558685
0.5780420550558685
0.5780420550558685
0.5780420550558685
0.5780420550558685
0.5780420550558685
0.5780420550558685
0.5780420550558685
0.5780420550558685
0.5780420550558685
0.5780420550558685
0.5780420550558685
0.5780420550558685
0.5780420550558685
0.5780420550558685
0.5780420550558685
0.5780420550558685
0.5780420550558685
0.5780420550558685
0.5780420550558685
0.5780420550558685
0.5780420550558685
0.5780420550558685
0.5780420550558685
0.5780420550558685
0.5780420550558685
0.5780420550558685
0.5780420550558685
0.5780420550558685
0.5780420550558685
0.5780420550558685
0.5780420550558685
0.5780420550558685
0.5780420550558685
0.5780420550558685
0.5780420550558685
0.5780420550558685
0.5780420550558685
0.5780420550558685
0.5780420550558685
0.5780420550558685
0.5780420550558685
0.5780420550558685
0.5780420550558685
0.5780420550558685
0.5780420550558685
0.5780420550558685
0.5780420550558685
0.5780420550558685
0.5780420550558685
0.5780420550558685
0.5780420550558685
0.5780420550558685
0.5780420550558685
0.5780420550558685
0.5780420550558685
0.5780420550558685
0.5780420550558685
0.5780420550558685
0.5780420550558685
0.5780420550558685
0.5780420550558685
0.6002584877508252
0.5780420550558685
0.5780420550558685
0.5780420550558685
0.5780420550558685
0.5780420550558685
0.5780420550558685
0.5780420550558685
0.5780420550558685
0.5780420550558685
0.5780420550558685
0.5780420550558685
0.5780420550558685
0.5780420550558685
0.5780420550558685
0.5484457586457558
0.5780420550558685
0.5780420550558685
0.5780420550558685
0.5780420550558685
0.5780420550558685
0.5780420550558685
0.5780420550558685
0.5780420550558685
0.5780420550558685
0.5780420550558685
0.5780420550558685
0.5780420550558685
0.5780420550558685
0.5780420550558685
0.5780420550558685
0.5780420550558685
0.5780420550558685
0.5780420550558685
0.5780420550558685
0.5780420550558685
0.5780420550558685
0.5780420550558685
0.5780420550558685
0.5780420550558685
0.5780420550558685
0.5780420550558685
0.5780420550558685
0.5780420550558685
0.5780420550558685
0.5780420550558685
0.5780420550558685
0.5780420550558685
0.5780420550558685
0.5780420550558685
0.5780420550558685
0.5780420550558685
0.5780420550558685
0.5780420550558685
0.5780420550558685
0.5780420550558685
0.5783465207160308
0.5780420550558685
0.5780420550558685
0.5780420550558685
0.5780420550558685
0.5783465207160308
0.5780420550558685
0.5783465207160308
0.5780420550558685
0.5780420550558685
0.5780420550558685
0.5780420550558685
0.5783465207160308
0.5783465207160308
0.5783465207160308
0.5783465207160308
0.5783465207160308
0.5783465207160308
0.5780420550558685
0.5780420550558685
0.5780420550558685
0.5783465207160308
0.5783465207160308
0.5783465207160308
0.6207184027351702
0.5783465207160308
0.5783465207160308
0.5780420550558685
0.5780420550558685
0.5780420550558685
0.5783465207160308
0.5780420550558685
0.5783465207160308
0.5783465207160308
0.5780420550558685
0.5783465207160308
0.5780420550558685
0.5780420550558685
0.5780420550558685
0.5783465207160308
0.5783465207160308
0.5780420550558685
0.5780420550558685
0.5780420550558685
0.5780420550558685
0.5780420550558685
0.5783465207160308
0.5780420550558685
0.5780420550558685
0.5783465207160308
0.5780420550558685
0.5780420550558685
0.5780420550558685
0.5780420550558685
0.5780420550558685
0.5780420550558685
0.5783465207160308
0.5780420550558685
0.5780420550558685
0.5780420550558685
0.5780420550558685
0.5780420550558685
0.5780420550558685
0.5780420550558685
0.5780420550558685
0.5780420550558685
0.5783465207160308
0.5780420550558685
0.5783465207160308
0.5780420550558685
0.5783465207160308
0.5780420550558685
0.5783465207160308
0.5436391647432393
0.5783465207160308
0.5780420550558685
0.5780420550558685
0.5783465207160308
0.5783465207160308
0.5780420550558685
0.5783465207160308
0.5780420550558685
0.5780420550558685
0.5780420550558685
0.5783465207160308
0.5783465207160308
0.5780420550558685
0.5780420550558685
0.5780420550558685
0.5780420550558685
0.5780420550558685
0.5780420550558685
0.5783465207160308
0.5783465207160308
0.5783465207160308
0.5780420550558685
0.5780420550558685
0.5780420550558685
0.5780420550558685
0.5783465207160308
0.5780420550558685
0.5780420550558685
0.5783465207160308
0.5780420550558685
0.5780420550558685
0.5780420550558685
0.5780420550558685
0.5780420550558685
0.5780420550558685
0.5780420550558685
0.5780420550558685
0.5780420550558685
0.5780420550558685
0.5780420550558685
0.5783465207160308
0.5780420550558685
0.5780420550558685
0.5780420550558685
0.5780420550558685
0.5780420550558685
0.5780420550558685
0.5780420550558685
0.5780420550558685
0.5780420550558685
0.5780420550558685
0.5780420550558685
0.5780420550558685
0.5780420550558685
0.5780420550558685
0.5780420550558685
0.5780420550558685
0.5780420550558685
0.5780420550558685
0.5780420550558685
0.5780420550558685
0.5780420550558685
0.5780420550558685
0.5780420550558685
0.5780420550558685
0.5780420550558685
0.5780420550558685
0.5780420550558685
0.5780420550558685
0.5780420550558685
0.5780420550558685
0.5780420550558685
0.5780420550558685
0.5780420550558685
0.5780420550558685
0.5780420550558685
0.5780420550558685
0.598479642021178
0.5780420550558685
0.5780420550558685
0.5780420550558685
0.5780420550558685
0.5780420550558685
0.5780420550558685
0.5780420550558685
0.5780420550558685
0.5780420550558685
0.5780420550558685
0.5783465207160308
0.5783465207160308
0.5780420550558685
0.5780420550558685
0.5780420550558685
0.5780420550558685
0.5780420550558685
0.5780420550558685
0.5783465207160308
0.5780420550558685
0.5783465207160308
0.5780420550558685
0.5484457586457558
0.5783465207160308
0.5780420550558685
0.5783465207160308
0.5780420550558685
0.5780420550558685
0.5780420550558685
0.5780420550558685
0.5780420550558685
0.5783465207160308
0.5780420550558685
0.5780420550558685
0.5780420550558685
0.5780420550558685
0.5780420550558685
0.5780420550558685
0.5780420550558685
0.5783465207160308
0.5780420550558685
0.5780420550558685
0.5780420550558685
0.5780420550558685
0.5780420550558685
0.5783465207160308
0.5783465207160308
0.5780420550558685
0.5780420550558685
0.5783465207160308
0.5783465207160308
0.5780420550558685
0.5780420550558685
0.5780420550558685
0.5780420550558685
0.5780420550558685
0.5780420550558685
0.5780420550558685
0.5780420550558685
0.5780420550558685
0.5780420550558685
0.5780420550558685
0.5780420550558685
0.5780420550558685
0.5780420550558685
0.5780420550558685
0.5780420550558685
0.5780420550558685
0.5780420550558685
0.5780420550558685
0.5780420550558685
0.5780420550558685
0.5780420550558685
0.5780420550558685
0.5780420550558685
0.5780420550558685
0.5783465207160308
0.5780420550558685
0.5780420550558685
0.5780420550558685
0.5783465207160308
0.5780420550558685
0.5780420550558685
0.5780420550558685
0.5780420550558685
0.5780420550558685
0.5780420550558685
0.5780420550558685
0.5780420550558685
0.5783465207160308
0.5780420550558685
0.5780420550558685
0.5780420550558685
0.5780420550558685
0.5780420550558685
0.5780420550558685
0.5780420550558685
0.5780420550558685
0.5783465207160308
0.5780420550558685
0.5780420550558685
0.5780420550558685
0.5780420550558685
0.5780420550558685
0.5780420550558685
0.5780420550558685
0.5780420550558685
0.5780420550558685
0.5780420550558685
0.5783465207160308
0.5783465207160308
0.5780420550558685
0.5780420550558685
0.5780420550558685
0.5783465207160308
0.5780420550558685
0.5780420550558685
0.5780420550558685
0.5780420550558685
0.5780420550558685
0.5780420550558685
0.5780420550558685
0.5780420550558685
0.5780420550558685
0.5780420550558685
0.5780420550558685
0.5783465207160308
0.5780420550558685
0.5780420550558685
0.5780420550558685
0.5780420550558685
0.5780420550558685
0.5780420550558685
0.5783465207160308
0.5780420550558685
0.5780420550558685
0.5780420550558685
0.5783465207160308
0.5780420550558685
0.5780420550558685
0.5780420550558685
0.5783465207160308
0.5780420550558685
0.5780420550558685
0.5780420550558685
0.5780420550558685
0.5780420550558685
0.5780420550558685
0.5780420550558685
0.5783465207160308
0.5780420550558685
0.5783465207160308
0.5780420550558685
0.5783465207160308
0.5780420550558685
0.5780420550558685
0.5780420550558685
0.5780420550558685
0.5780420550558685
0.5780420550558685
0.5780420550558685
0.5780420550558685
0.5780420550558685
0.5780420550558685
0.5780420550558685
0.5780420550558685
0.5780420550558685
0.5783465207160308
0.5780420550558685
0.5780420550558685
0.5780420550558685
0.5780420550558685
0.5780420550558685
0.5780420550558685
0.5780420550558685
0.5780420550558685
0.5780420550558685
0.5780420550558685
0.5780420550558685
0.5780420550558685
0.5780420550558685
0.5780420550558685
0.5780420550558685
0.5780420550558685
0.5780420550558685
0.5780420550558685
0.5780420550558685
0.5780420550558685
0.5780420550558685
0.5780420550558685
0.5780420550558685
0.5780420550558685
0.5780420550558685
0.5780420550558685
0.5780420550558685
0.5780420550558685
0.5780420550558685
0.5780420550558685
0.5780420550558685
0.5780420550558685
0.5780420550558685
0.5780420550558685
0.5780420550558685
0.5780420550558685
0.5780420550558685
0.5780420550558685
0.5780420550558685
0.5780420550558685
0.5780420550558685
0.5780420550558685
0.5780420550558685
0.5780420550558685
0.5780420550558685
0.5780420550558685
0.5780420550558685
0.5780420550558685
0.5780420550558685
0.5780420550558685
0.5780420550558685
0.5780420550558685
0.5780420550558685
0.5780420550558685
0.5780420550558685
0.5780420550558685
0.5780420550558685
0.5780420550558685
0.5780420550558685
0.5780420550558685
0.5780420550558685
0.5780420550558685
0.5780420550558685
0.5780420550558685
0.5780420550558685
0.5780420550558685
0.5780420550558685
0.5780420550558685
0.5780420550558685
0.5780420550558685
0.5780420550558685
0.5780420550558685
0.5780420550558685
0.5780420550558685
0.5780420550558685
0.5780420550558685
0.5780420550558685
0.5780420550558685
0.5780420550558685
0.5780420550558685
0.5780420550558685
0.5780420550558685
0.5780420550558685
0.5780420550558685
0.5780420550558685
0.5780420550558685
0.5780420550558685
0.5780420550558685
0.5780420550558685
0.5780420550558685
0.5780420550558685
0.5780420550558685
0.5780420550558685
0.5780420550558685
0.5780420550558685
0.5780420550558685
0.5780420550558685
0.5780420550558685
0.5780420550558685
0.5780420550558685
0.5780420550558685
0.5780420550558685
0.5780420550558685
0.5780420550558685
0.5780420550558685
0.5780420550558685
0.5780420550558685
0.5780420550558685
0.5780420550558685
0.5780420550558685
0.5780420550558685
0.5780420550558685
0.5783465207160308
0.5780420550558685
0.5780420550558685
0.5780420550558685
0.5780420550558685
0.5780420550558685
0.5780420550558685
0.5780420550558685
0.5780420550558685
0.5780420550558685
0.5780420550558685
0.5780420550558685
0.5780420550558685
0.5783465207160308
0.5780420550558685
0.5780420550558685
0.5780420550558685
0.5780420550558685
0.5780420550558685
0.5780420550558685
0.5780420550558685
0.5780420550558685
0.5780420550558685
0.5780420550558685
0.5780420550558685
0.5780420550558685
0.5780420550558685
0.5780420550558685
0.5780420550558685
0.5780420550558685
0.5780420550558685
0.5783465207160308
0.5780420550558685
0.5780420550558685
0.5780420550558685
0.5780420550558685
0.5780420550558685
0.5780420550558685
0.5780420550558685
0.5780420550558685
0.5783465207160308
0.5780420550558685
0.5780420550558685
0.5780420550558685
0.5783465207160308
0.5780420550558685
0.5780420550558685
0.5780420550558685
0.5780420550558685
0.5783465207160308
0.5780420550558685
0.5780420550558685
0.5780420550558685
0.5783465207160308
0.5780420550558685
0.5780420550558685
0.5780420550558685
0.5783465207160308
0.5780420550558685
0.5780420550558685
0.5780420550558685
0.5780420550558685
0.5780420550558685
0.5780420550558685
0.5780420550558685
0.5780420550558685
0.5780420550558685
0.5780420550558685
0.5780420550558685
0.5780420550558685
0.5783465207160308
0.5780420550558685
0.5780420550558685
0.5780420550558685
0.5780420550558685
0.5780420550558685
0.5780420550558685
0.5780420550558685
0.5780420550558685
0.5780420550558685
0.5780420550558685
0.5780420550558685
0.5780420550558685
0.5780420550558685
0.5780420550558685
0.5783465207160308
0.5780420550558685
0.5783465207160308
0.5780420550558685
0.5780420550558685
0.5783465207160308
0.5780420550558685
0.5484457586457558
0.5780420550558685
0.5780420550558685
0.5780420550558685
0.5780420550558685
0.5780420550558685
0.5780420550558685
0.5780420550558685
0.5780420550558685
0.5780420550558685
0.5780420550558685
0.5780420550558685
0.5780420550558685
0.5780420550558685
0.5780420550558685
0.5780420550558685
0.5780420550558685
0.5780420550558685
0.5780420550558685
0.5780420550558685
0.5783465207160308
0.5780420550558685
0.5780420550558685
0.5780420550558685
0.5780420550558685
0.5780420550558685
0.5780420550558685
0.5780420550558685
0.5780420550558685
0.5780420550558685
0.5780420550558685
0.5780420550558685
0.5780420550558685
0.5780420550558685
0.598479642021178
0.5780420550558685
0.5780420550558685
0.598479642021178
0.5780420550558685
0.5783465207160308
0.5780420550558685
0.5780420550558685
0.598479642021178
0.598479642021178
0.598479642021178
0.5493243143698685
0.6007935723242361
0.6288793370518155
0.6207184027351702
0.6866620329144767
0.6614963666695897
0.5768768431585588
0.5484457586457558
0.517578247948971
0.5778571505295543
0.5761552221783159
0.6387182415262256
-0.04143116122842638
0.6024551742714837
0.6364869015171275
0.634595413619923
0.6002584877508252
0.5780420550558685
-0.04323977253350719
0.56966122798909
0.5917815733985845
0.5986194089936753
0.512796489776318
-0.004072448249622607
0.5484457586457558
0.5484457586457558
0.5484457586457558
0.5124675577574048
0.5422477743339083
0.5196402761899566
0.5195922350758738
0.5893077157613545
0
0.5195922350758738
-0.02646643998171827
0.6126085015145324
0.5416297818672642
-0.02217381710142119
0.5416297818672642
0.5195922350758738
0.5416297818672642
0.5484457586457558
0.5416297818672642
0.5195922350758738
0.03479052224587331
0.5484457586457558
0.5484457586457558
0.5484457586457558
0.5484457586457558
0.5484457586457558
0.5493243143698685
0.5416297818672642
0.5484457586457558
0.6013612479014637
0.5484457586457558
0.5484457586457558
0.5484457586457558
0.5484457586457558
0.5484457586457558
0.5484457586457558
0.5484457586457558
0.5484457586457558
0.5484457586457558
0.5484457586457558
0.5837507857676422
0.5484457586457558
0.5416297818672642
0.5484457586457558
0.5484457586457558
0.5484457586457558
0.5484457586457558
0.5484457586457558
0.5484457586457558
0.5484457586457558
0.5484457586457558
0.5484457586457558
0.5484457586457558
0.5484457586457558
0.5484457586457558
0.5484457586457558
0.5484457586457558
0.5484457586457558
0.5484457586457558
0.5484457586457558
0.5484457586457558
0.5484457586457558
0.5484457586457558
0.5484457586457558
0.5484457586457558
0.5484457586457558
0.5484457586457558
0.5484457586457558
0.5484457586457558
0.5484457586457558
0.5484457586457558
0.5484457586457558
0.5484457586457558
0.5484457586457558
0.5484457586457558
0.5484457586457558
0.5484457586457558
0.5484457586457558
0.5416297818672642
0.5484457586457558
0.5484457586457558
0.5484457586457558
0.5484457586457558
0.5484457586457558
0.5484457586457558
0.5484457586457558
0.5484457586457558
0.5484457586457558
0.5484457586457558
0.5484457586457558
0.5484457586457558
0.5484457586457558
0.5484457586457558
0.5484457586457558
0.5484457586457558
0.5523266708513906
0.5484457586457558
0.5484457586457558
0.5484457586457558
0.5484457586457558
0.57773467198273
0.5484457586457558
0.5484457586457558
0.5484457586457558
0.5484457586457558
0.5484457586457558
0.5416297818672642
0.5484457586457558
0.5484457586457558
0.5484457586457558
0.5484457586457558
0.5484457586457558
0.5484457586457558
0.5484457586457558
0.5484457586457558
0.5484457586457558
0.5484457586457558
0.5484457586457558
0.5484457586457558
0.5484457586457558
0.5484457586457558
0.5484457586457558
0.5484457586457558
0.5484457586457558
0.5484457586457558
0.5484457586457558
0.5484457586457558
0.5484457586457558
0.5484457586457558
0.5484457586457558
0.5484457586457558
0.5484457586457558
0.5484457586457558
0.5484457586457558
0.5484457586457558
0.5484457586457558
0.5484457586457558
0.5484457586457558
0.5484457586457558
0.5484457586457558
0.5484457586457558
0.5484457586457558
0.5484457586457558
0.5484457586457558
0.5416297818672642
0.5484457586457558
0.5484457586457558
0.5484457586457558
0.5484457586457558
0.5484457586457558
0.5484457586457558
0.5484457586457558
0.5484457586457558
0.5484457586457558
0.5484457586457558
0.5484457586457558
0.5484457586457558
0.5484457586457558
0.5484457586457558
0.5484457586457558
0.5484457586457558
0.5484457586457558
0.5484457586457558
0.5484457586457558
0.5416297818672642
0.5484457586457558
0.5484457586457558
0.5484457586457558
0.5484457586457558
0.5484457586457558
0.5484457586457558
0.5416297818672642
0.5484457586457558
0.5484457586457558
0.5484457586457558
0.5484457586457558
0.5484457586457558
0.5484457586457558
0.5484457586457558
0.5484457586457558
0.5484457586457558
0.5484457586457558
0.5484457586457558
0.5484457586457558
0.5484457586457558
0.5484457586457558
0.5484457586457558
0.5484457586457558
0.5484457586457558
0.5484457586457558
0.5484457586457558
0.5484457586457558
0.5484457586457558
0.5484457586457558
0.5484457586457558
0.5484457586457558
0.5484457586457558
0.5484457586457558
0.5484457586457558
0.5484457586457558
0.5484457586457558
0.5484457586457558
0.5484457586457558
0.5484457586457558
0.5484457586457558
0.5484457586457558
0.5484457586457558
0.5484457586457558
0.5484457586457558
0.5484457586457558
0.5484457586457558
0.5484457586457558
0.5484457586457558
0.5484457586457558
0.5484457586457558
0.5484457586457558
0.5484457586457558
0.5484457586457558
0.5484457586457558
0.5484457586457558
0.5484457586457558
0.5484457586457558
0.5484457586457558
0.5484457586457558
0.5912660600611637
0.5484457586457558
0.5484457586457558
0.5484457586457558
0.5484457586457558
0.584438462097927
0.5484457586457558
0.5484457586457558
0.5422791831720137
0.5484457586457558
0.5484457586457558
0.5484457586457558
0.5484457586457558
0.5484457586457558
-0.02646643998171827
0.5484457586457558
0.584438462097927
0.584438462097927
0.599459874128365
0.584438462097927
0.599459874128365
0.584438462097927
0.584438462097927
0.584438462097927
0.584438462097927
0.584438462097927
0.6221961611285449
0.584438462097927
0.584438462097927
0.584438462097927
0.584438462097927
0.584438462097927
0.584438462097927
0.584438462097927
0.584438462097927
0.584438462097927
0.584438462097927
0.584438462097927
0.6221961611285449
0.584438462097927
0.584438462097927
0.584438462097927
0.584438462097927
0.584438462097927
0.584438462097927
0.584438462097927
0.584438462097927
0.584438462097927
0.584438462097927
0.584438462097927
0.6221961611285449
0.584438462097927
0.584438462097927
0.584438462097927
0.584438462097927
0.584438462097927
0.584438462097927
0.584438462097927
0.584438462097927
0.584438462097927
0.584438462097927
0.584438462097927
0.584438462097927
0.584438462097927
0.584438462097927
0.584438462097927
0.5846978535790572
0.6221961611285449
0.584438462097927
0.6221961611285449
0.584438462097927
0.584438462097927
0.6207184027351702
0.584438462097927
0.584438462097927
0.584438462097927
0.584438462097927
0.584438462097927
0.584438462097927
0.584438462097927
0.584438462097927
0.584438462097927
0.584438462097927
0.584438462097927
0.6221961611285449
0.584438462097927
0.584438462097927
0.584438462097927
0.584438462097927
0.584438462097927
0.584438462097927
0.584438462097927
0.584438462097927
0.584438462097927
0.584438462097927
0.584438462097927
0.584438462097927
0.584438462097927
0.584438462097927
0.584438462097927
0.584438462097927
0.584438462097927
0.584438462097927
0.584438462097927
0.584438462097927
0.584438462097927
0.584438462097927
0.584438462097927
0.584438462097927
0.584438462097927
0.584438462097927
0.584438462097927
0.584438462097927
0.584438462097927
0.584438462097927
0.584438462097927
0.584438462097927
0.584438462097927
0.584438462097927
0.584438462097927
0.584438462097927
0.584438462097927
0.584438462097927
0.584438462097927
0.584438462097927
0.584438462097927
0.584438462097927
0.584438462097927
0.584438462097927
0.584438462097927
0.584438462097927
0.584438462097927
0.584438462097927
0.584438462097927
0.584438462097927
0.584438462097927
0.584438462097927
0.584438462097927
0.584438462097927
0.584438462097927
0.584438462097927
0.584438462097927
0.584438462097927
0.584438462097927
0.584438462097927
0.584438462097927
0.584438462097927
0.584438462097927
0.584438462097927
0.584438462097927
0.584438462097927
0.584438462097927
0.584438462097927
0.584438462097927
0.584438462097927
0.584438462097927
0.584438462097927
0.584438462097927
0.584438462097927
0.584438462097927
0.584438462097927
0.584438462097927
0.584438462097927
0.584438462097927
0.584438462097927
0.584438462097927
0.584438462097927
0.584438462097927
0.584438462097927
0.584438462097927
0.584438462097927
0.584438462097927
0.584438462097927
0.584438462097927
0.584438462097927
0.584438462097927
0.584438462097927
0.584438462097927
0.584438462097927
0.584438462097927
0.584438462097927
0.584438462097927
0.584438462097927
0.584438462097927
0.584438462097927
0.584438462097927
0.584438462097927
0.584438462097927
0.584438462097927
0.6221961611285449
0.584438462097927
0.584438462097927
0.584438462097927
0.584438462097927
0.584438462097927
0.584438462097927
0.584438462097927
0.584438462097927
0.584438462097927
0.584438462097927
0.584438462097927
0.584438462097927
0.584438462097927
0.584438462097927
0.584438462097927
0.584438462097927
0.584438462097927
0.584438462097927
0.584438462097927
0.6221961611285449
0.584438462097927
0.584438462097927
0.584438462097927
0.584438462097927
0.584438462097927
0.584438462097927
0.6221961611285449
0.6221961611285449
0.6221961611285449
0.6221961611285449
0.6221961611285449
0.584438462097927
0.6221961611285449
0.6221961611285449
0.6221961611285449
0.6221961611285449
0.6221961611285449
0.6221961611285449
0.6221961611285449
0.6221961611285449
0.6221961611285449
0.6221961611285449
0.6221961611285449
0.6221961611285449
0.6221961611285449
0.6221961611285449
0.6221961611285449
0.6221961611285449
0.6221961611285449
0.6221961611285449
0.6221961611285449
0.6221961611285449
0.6221961611285449
0.6221961611285449
0.6221961611285449
0.6221961611285449
0.6221961611285449
0.6221961611285449
0.6221961611285449
0.6221961611285449
0.6221961611285449
0.6221961611285449
0.6221961611285449
0.6221961611285449
0.6221961611285449
0.6221961611285449
0.6221961611285449
0.6221961611285449
0.6221961611285449
0.6221961611285449
0.6221961611285449
0.6221961611285449
0.6221961611285449
0.6221961611285449
0.6221961611285449
0.6221961611285449
0.6221961611285449
0.6221961611285449
0.6221961611285449
0.6221961611285449
0.6221961611285449
0.6221961611285449
0.6221961611285449
0.6221961611285449
0.6221961611285449
0.6221961611285449
0.6221961611285449
0.6221961611285449
0.6221961611285449
0.6221961611285449
0.6221961611285449
0.6221961611285449
0.6221961611285449
0.6221961611285449
0.6221961611285449
0.6221961611285449
0.6221961611285449
0.6221961611285449
0.6221961611285449
0.6221961611285449
0.6221961611285449
0.6221961611285449
0.6221961611285449
0.6221961611285449
0.6221961611285449
0.6221961611285449
0.6221961611285449
0.6221961611285449
0.6221961611285449
0.6221961611285449
0.6221961611285449
0.6221961611285449
0.6221961611285449
0.6221961611285449
0.6221961611285449
0.6221961611285449
0.6221961611285449
0.6221961611285449
0.6221961611285449
0.6221961611285449
0.6221961611285449
0.6221961611285449
0.6221961611285449
0.6221961611285449
0.6221961611285449
0.6221961611285449
0.6221961611285449
0.6221961611285449
0.6221961611285449
0.6221961611285449
0.6221961611285449
0.6221961611285449
0.6221961611285449
0.6221961611285449
0.6221961611285449
0.6221961611285449
0.6221961611285449
0.6221961611285449
0.6221961611285449
0.6221961611285449
0.6221961611285449
0.6221961611285449
0.6221961611285449
0.6221961611285449
0.6221961611285449
0.6221961611285449
0.6221961611285449
0.6221961611285449
0.6221961611285449
0.6221961611285449
0.6221961611285449
0.6221961611285449
0.6221961611285449
0.6221961611285449
0.6221961611285449
0.6221961611285449
0.6221961611285449
0.6221961611285449
0.6221961611285449
0.6221961611285449
0.6221961611285449
0.6221961611285449
0.6221961611285449
0.6221961611285449
0.6221961611285449
0.6221961611285449
0.6221961611285449
0.6221961611285449
0.6221961611285449
0.6221961611285449
0.6221961611285449
0.6221961611285449
0.6221961611285449
0.6221961611285449
0.6221961611285449
0.6221961611285449
0.6221961611285449
0.6221961611285449
0.6221961611285449
0.6221961611285449
0.6221961611285449
0.6221961611285449
0.6221961611285449
0.6221961611285449
0.6221961611285449
0.6221961611285449
0.6221961611285449
0.6221961611285449
0.6221961611285449
0.6221961611285449
0.6221961611285449
0.6221961611285449
0.6221961611285449
0.6221961611285449
0.6221961611285449
0.6221961611285449
0.6221961611285449
0.6221961611285449
0.6221961611285449
0.6221961611285449
0.6221961611285449
0.6221961611285449
0.6221961611285449
0.6221961611285449
0.6221961611285449
0.6221961611285449
0.6221961611285449
0.6221961611285449
0.6221961611285449
0.6221961611285449
0.6221961611285449
0.6221961611285449
0.6221961611285449
0.6221961611285449
0.6221961611285449
0.6221961611285449
0.6221961611285449
0.6221961611285449
0.6221961611285449
0.6221961611285449
0.6221961611285449
0.6221961611285449
0.6221961611285449
0.6221961611285449
0.6221961611285449
0.6221961611285449
0.6221961611285449
0.6221961611285449
0.6221961611285449
0.6221961611285449
0.6221961611285449
0.6221961611285449
0.6221961611285449
0.6221961611285449
0.6221961611285449
0.6221961611285449
0.6221961611285449
0.6221961611285449
0.6221961611285449
0.6221961611285449
0.6221961611285449
0.6221961611285449
0.6221961611285449
0.6221961611285449
0.6221961611285449
0.6221961611285449
0.6502396299302828
0.6221961611285449
0.6551538113035815
0.6221961611285449
0.6221961611285449
0.5124675577574048
0.584438462097927
0.584438462097927
0.6221961611285449
0.6221961611285449
0.6221961611285449
0.5316236095467044
0.6221961611285449
0.5836511753006498
0.6269846095435794
0.5484457586457558
0.6586599457105138
0.6126468138376617
0.6126468138376617
0.5484457586457558
0.6157432808642616
0
0
0.5717020226443267
0.5519657683159045
0.6200190015809705
0.6341488709734131
0.6373017696826218
0.6206945798052741
0.5877393141413434
0.5715308227398992
0.5881070038029709
0.5484457586457558
0.6557093253266473
0.579283925091622
0.6941656255019475
0.6744217158287646
0.680320272077731
0.6608961601631413
0.6559995185295163
0.5948863252081318
0.687939164193448
0.6382464798821023
0.6725207675295097
0.6602067191031197
0.6559995185295163
0.6007928484822371
0.663115701152351
0.6557093253266473
0.580745802669296
0.5786013820935592
0.5691576172318548
0.6221961611285449
0.6730941151989022
0.5806204594964628
0.5211724220427263
0.5995563029087073
0.6348844901855841
0.5918925869642921
0.5488661482581996
0.5754939305623178
0.6428299974556477
0.6966509958986433
0.5811427826377288
0.5801133925352229
0.618841999325914
0.5789402214267201
0.6952716893174467
0.5798305965550128
0.6338027189626445
0.650857453025627
0.5719498446534519
0.5789402214267201
0.5867283914980769
0.6892252490347991
0.5789402214267201
0.6801139365672138
0.5789402214267201
0.5786832906721489
0.5773453482078932
0.695305607379402
0.5717117501803354
0.5717117501803354
0.5781860722008301
0.6486357468646162
0.6336905960933659
0.5786832906721489
0.5781860722008301
0.5786832906721489
0.5784295169523843
0.6336905960933659
0.5862150912866768
0.5781860722008301
0.6338027189626445
0.5717117501803354
0.5786832906721489
0.5789190437794223
0.5781860722008301
0.5786832906721489
0.5981601279896587
0.6336905960933659
0.5864627378118377
0.5784295169523843
0.5786832906721489
0.5784295169523843
0.5786832906721489
0.5781860722008301
0.619936467157703
0.5781860722008301
0.5781860722008301
0.5784295169523843
0.5781860722008301
0.5781860722008301
0.5784295169523843
0.6486357468646162
0.6336905960933659
0.5781860722008301
0.6336905960933659
0.5775359282698938
0.5784295169523843
0.5781860722008301
0.619936467157703
0.619936467157703
0.6336905960933659
0.5870122782704189
0.619936467157703
0.619936467157703
0.6338027189626445
0.6199523326206444
0.5789402214267201
0.5793769576699304
0.6338027189626445
0.6198998484397293
0.6198998484397293
0.6198998484397293
0.6198998484397293
0.6198998484397293
0.6200021947264758
0.6199876654718239
0.6201210677876907
0.6198998484397293
0.6221961611285449
0.6198998484397293
0.6200021947264758
0.6201210677876907
0.6199523326206444
0.6221961611285449
0.6200190015809705
0.6221961611285449
0.6221961611285449
0.6221961611285449
0.6201210677876907
0.6201210677876907
0.6201210677876907
0.5836511753006498
0.6201210677876907
0.6559995185295163
0.6221961611285449
0.6201210677876907
0.6221961611285449
0.6221961611285449
0.6221961611285449
0.6221961611285449
0.6221961611285449
0.6221961611285449
0.6221961611285449
0.6221961611285449
0.6198998484397293
0.6221961611285449
0.6367123886633264
0.6221961611285449
0.6221961611285449
0.6221961611285449
0.6554057478973699
0.6221961611285449
0.6221961611285449
0.6221961611285449
0.6201210677876907
0.6200190015809705
0.6221961611285449
0.6221961611285449
0.6201210677876907
0.6341488709734131
0.6198998484397293
0.6201210677876907
0.6201210677876907
0.6345309424959057
0.6559995185295163
0.6201210677876907
0.6210229010264103
0.6201210677876907
0.6221961611285449
0.6342120515887423
0.6221961611285449
0.6201210677876907
0.6221961611285449
0.6201210677876907
0.6548887922387034
0.6126468138376617
0.6198998484397293
0.6221961611285449
0.6201210677876907
0.6221961611285449
0.6221961611285449
0.6221961611285449
0.6221961611285449
0.6221961611285449
0.6221961611285449
0.6198998484397293
0.6221961611285449
0.6345309424959057
0.6198998484397293
0.6201210677876907
0.6221961611285449
0.6554057478973699
0.5879300940925016
0.6221961611285449
0.6221961611285449
0.6221961611285449
0.6221961611285449
0.6201210677876907
0.6221961611285449
0.6221961611285449
0.6221961611285449
0.6221961611285449
0.6221961611285449
0.6221961611285449
0.6221961611285449
0.6221961611285449
0.6221961611285449
0.6221961611285449
0.6221961611285449
0.6201210677876907
0.6221961611285449
0.6221961611285449
0.6221961611285449
0.6221961611285449
0.6201210677876907
0.6221961611285449
0.6221961611285449
