0.002823957793091303
0.5533898099555767
0.01812518197863655
0
0
0.6777547740206491
0.04771039467980609
0
0.40489722954731144
0.5851671570677353
0.5764221877671851
0.056084976381316265
0
0.002823957793091303
0
0.6187407071157685
0
0.002823957793091303
0
0.5879300940925016
0.5780420550558685
0.5867061548740444
0.5528195275369759
0.5780420550558685
0.002823957793091303
0.5879300940925016
0
0.04771039467980609
0
0.5998618038375141
0.6007935723242361
0.5484457586457558
0.6221961611285449
0.5484457586457558
0.5915100046712521
0.5879300940925016
0.5484457586457558
0.5438646087174239
0.553515989147875
0.5484457586457558
0.5915100046712521
0.5484457586457558
0.553634294634848
0.5484457586457558
0.5915100046712521
0.5484457586457558
0.5484457586457558
0
0.5780420550558685
0.5915100046712521
0.5484457586457558
0.553634294634848
0.5484457586457558
0.5484457586457558
0.5915100046712521
0.5484457586457558
0.5484457586457558
0.5780420550558685
0.5780420550558685
0.5438646087174239
0.6007928484822371
0.5879300940925016
0.5484457586457558
0.5780420550558685
0.5484457586457558
0.5484457586457558
0.5780420550558685
0.5484457586457558
0.5484457586457558
0.5915100046712521
0.5780420550558685
0.5780420550558685
0.5780420550558685
0.5851671570677353
0.5484457586457558
0.5692822311147769
0.5780420550558685
0.5780420550558685
0.5780420550558685
0.5879300940925016
0.5915100046712521
0.5915100046712521
0.5484457586457558
0.5484457586457558
0.5780420550558685
0.5484457586457558
0.5780420550558685
0.5915100046712521
0.5879300940925016
0.583934260769088
0.5915100046712521
0.5484457586457558
0.5780420550558685
0.5484457586457558
0.5780420550558685
0.5915100046712521
0.5780420550558685
0.5780420550558685
0.5780420550558685
0.5879300940925016
0.5780420550558685
0.5780420550558685
0.5915100046712521
0.5780420550558685
0.5915100046712521
0.5780420550558685
0.5915100046712521
0.5780420550558685
0.5780420550558685
0.5879300940925016
0.5780420550558685
0.5780420550558685
0.5780420550558685
0.5915100046712521
0.5780420550558685
0.5780420550558685
0.5780420550558685
0.5915100046712521
0.5780420550558685
0.5915100046712521
0.5780420550558685
0.5780420550558685
0.5780420550558685
0.5915100046712521
0.5780420550558685
0.5780420550558685
0.5780420550558685
0.5780420550558685
0.5780420550558685
0.5780420550558685
0.5851671570677353
0.5780420550558685
0.5780420550558685
0.5780420550558685
0.5780420550558685
0.5879300940925016
0.5915100046712521
0.5780420550558685
0.5780420550558685
0.5915100046712521
0.5879300940925016
0.5915100046712521
0.5915100046712521
0.5915100046712521
0.5915100046712521
0.5915100046712521
0.5915100046712521
0.5780420550558685
0.5780420550558685
0.5780420550558685
0.5915100046712521
0.5915100046712521
0.5915100046712521
0.5915100046712521
0.5915100046712521
0.5915100046712521
0.5780420550558685
0.5780420550558685
0.5915100046712521
0.5915100046712521
0.5915100046712521
0.5915100046712521
0.5915100046712521
0.5915100046712521
0.5780420550558685
0.5780420550558685
0.5915100046712521
0.5780420550558685
0.5915100046712521
0.5915100046712521
0.5915100046712521
0.5915100046712521
0.5915100046712521
0.5915100046712521
0.5915100046712521
0.5915100046712521
0.5915100046712521
0.5915100046712521
0.5915100046712521
0.5915100046712521
0.5915100046712521
0.5915100046712521
0.5915100046712521
0.5915100046712521
0.5915100046712521
0.5915100046712521
0.5915100046712521
0.5915100046712521
0.5915100046712521
0.5915100046712521
0.5484457586457558
0.5915100046712521
0.5915100046712521
0.5915100046712521
0.5915100046712521
0.5915100046712521
0.5915100046712521
0.5915100046712521
0.5915100046712521
0.5915100046712521
0.5484457586457558
0.5484457586457558
0.5915100046712521
0.5915100046712521
0.5915100046712521
0.5915100046712521
0.5915100046712521
0.5915100046712521
0.5915100046712521
0.5915100046712521
0.5915100046712521
0.5915100046712521
0.5915100046712521
0.5915100046712521
0.5915100046712521
0.5915100046712521
0.5915100046712521
0.5915100046712521
0.5915100046712521
0.5915100046712521
0.5915100046712521
0.5780420550558685
0.5915100046712521
0.5915100046712521
0.5780420550558685
0.5915100046712521
0.5915100046712521
0.5915100046712521
0.5915100046712521
0.5879300940925016
0.5915100046712521
0.5484457586457558
0.5780420550558685
0.5915100046712521
0.5915100046712521
0.5847251701389566
0.5780420550558685
0.5915100046712521
0.5915100046712521
0.5915100046712521
0.5915100046712521
0.5780420550558685
0.5780420550558685
0.5780420550558685
0.5780420550558685
0.5915100046712521
0.5915100046712521
0.5915100046712521
0.5780420550558685
0.5915100046712521
0.5780420550558685
0.5915100046712521
0.5915100046712521
0.5915100046712521
0.5915100046712521
0.5915100046712521
0.5780420550558685
0.5915100046712521
0.5915100046712521
0.5915100046712521
0.5915100046712521
0.5780420550558685
0.6221961611285449
0.5915100046712521
0.5915100046712521
0.5915100046712521
0.5915100046712521
0.5915100046712521
0.5915100046712521
0.5915100046712521
0.5780420550558685
0.5915100046712521
0.5780420550558685
0.5915100046712521
0.6562459515661747
0.5915100046712521
0.5851671570677353
0.5915100046712521
0.5915100046712521
0.5855069811862073
0.5851671570677353
0.5915100046712521
0.5915100046712521
0.5915100046712521
0.5915100046712521
0.5915100046712521
0.5915100046712521
0.6562459515661747
0.5915100046712521
0.6562459515661747
0.5915100046712521
0.5915100046712521
0.6562459515661747
0.5915100046712521
0.6562459515661747
0.6221961611285449
0.6812173725329858
0.6562459515661747
0.6562459515661747
0.6562459515661747
0.6562459515661747
0.5780420550558685
0.6562459515661747
0.6562459515661747
0.6562459515661747
0.6562459515661747
0.6562459515661747
0.6562459515661747
0.6562459515661747
0.6562459515661747
0.6562459515661747
0.6562459515661747
0.6562459515661747
0.6562459515661747
0.6562459515661747
0.6562459515661747
0.6562459515661747
0.6562459515661747
0.6221961611285449
0.599642323883143
0.599642323883143
0.6562459515661747
0.6562459515661747
0.6221961611285449
0.6562459515661747
0.6221961611285449
0.6725488604162719
0.6221961611285449
0.6221961611285449
0.599642323883143
0.6562459515661747
0.6562459515661747
0.6562459515661747
0.6562459515661747
0.6562459515661747
0.6562459515661747
0.6562459515661747
0.6562459515661747
0.6562459515661747
0.6562459515661747
0.6562459515661747
0.6562459515661747
0.6562459515661747
0.6562459515661747
0.6562459515661747
0.6562459515661747
0.6562459515661747
0.6562459515661747
0.6562459515661747
0.6562459515661747
0.6562459515661747
0.6562459515661747
0.6562459515661747
0.6562459515661747
0.6562459515661747
0.6562459515661747
0.6562459515661747
0.6562459515661747
0.6562459515661747
0.6562459515661747
0.6562459515661747
0.6562459515661747
0.6562459515661747
0.6562459515661747
0.6562459515661747
0.6562459515661747
0.6562459515661747
0.6562459515661747
0.6562459515661747
0.6562459515661747
0.6562459515661747
0.6562459515661747
0.6562459515661747
0.6562459515661747
0.6562459515661747
0.6811499039709814
0.6562459515661747
0.6562459515661747
0.6725488604162719
0.6562459515661747
0.6562459515661747
0.6562459515661747
0.6562459515661747
0.6562459515661747
0.6562459515661747
0.6562459515661747
0.6221961611285449
0.6221961611285449
0.6562459515661747
0.6562459515661747
0.6553828081826001
0.6221961611285449
0.6725488604162719
0.6725488604162719
0.6816254331722449
0.6567621840626243
0.6703845679722422
0.6725488604162719
0.6467001422856797
0.6772558601954886
0.6334005859422778
0.6703845679722422
0.6866473494761332
0.5484457586457558
0.6221961611285449
0.6780145343341295
0.6565743099137615
0.6676685686725559
0.6562459515661747
0.6215178802580887
0.6695326592030414
0.6013612479014637
0.6322820216062128
0.6221961611285449
0.6552015488574836
0.655177840799836
0.6455083124182723
0.6345660366908592
0.6787302750718994
0.6881134228941979
0.6602778954084225
0.6874912923413861
0.6554057478973699
0.6913346801301594
0.6888991334697286
0.6931852096599619
0.6961882533232223
0.7048160512678999
0.6761218203688044
0.7024881596479314
0.6799157053624179
0.7048713660972299
0.6945914667979445
0.6615897487013176
0.6221961611285449
0.6786797428510376
0.6995407840208483
0.616956173223838
0.6902896485770302
0.6892918625710114
0.6315102971155127
0.6231023760754165
0.6920020274275783
0.6769128118480323
0.05097483234520961
0.637988767763196
0.5966385652188837
0.6413981731363131
0.5923179915754859
0.6155695522536062
0.5493243143698685
0.6401213327310366
0.6009492262734475
0.6796678197469657
0.6161976008629595
0.6715880807773571
0.639710374449629
0.6410717032547941
0.6013612479014637
0.57773467198273
0.642368874343923
0.57773467198273
0.61581516498002
0.6701393782834397
0.6382879704722693
0.57773467198273
0.6168795489350603
0.6257095274822628
0.7039031039730781
0.5996478964473182
0.6263819776752124
0.6931882199398083
0.642368874343923
0.5985655394522906
0.7291554073446154
0.6972092659626854
0.6456679724735228
0.6446616696602365
0.675377633575064
0.6361826504449475
0.6318765993560573
0.5996478964473182
0.6268992548473202
0.7229758247915503
0.7195999064711196
0.6160809804779234
0.6257870483768311
0.6154155206491614
0.5996478964473182
0.6257870483768311
0.6306549830163478
0.6312792892703835
0.6257870483768311
0.6175371406921804
0.6306549830163478
0.6257870483768311
0.6306549830163478
0.61581516498002
0.6318161064558308
0.6257870483768311
0.6257870483768311
0.6257870483768311
0.6257870483768311
0.6257870483768311
0.6257870483768311
0.6257870483768311
0.6257870483768311
0.6257870483768311
0.6257870483768311
0.6257870483768311
0.6257870483768311
0.6257870483768311
0.6257870483768311
0.6257870483768311
0.6257870483768311
0.6257870483768311
0.6328886449798465
0.6257870483768311
0.6210747839252914
0.6257870483768311
0.6257870483768311
0.6257870483768311
0.6210747839252914
0.61581516498002
0.6257870483768311
0.6257870483768311
0.6257870483768311
0.6257870483768311
0.6253066657566452
0.6257870483768311
0.6257870483768311
0.6257870483768311
0.6257870483768311
0.61581516498002
0.6257870483768311
0.6257870483768311
0.6257870483768311
0.6257870483768311
0.6257870483768311
0.6257870483768311
0.6257870483768311
0.6257870483768311
0.6361826504449475
0.6257870483768311
0.6257870483768311
0.6257870483768311
0.5996478964473182
0.6257870483768311
0.6257870483768311
0.6257870483768311
0.6257870483768311
0.6257870483768311
0.6257870483768311
0.5996478964473182
0.6318161064558308
0.5996478964473182
0.6257870483768311
0.6257870483768311
0.6257870483768311
0.6257870483768311
0.6257870483768311
0.6257870483768311
0.6257870483768311
0.6257870483768311
0.6257870483768311
0.6257870483768311
0.6257870483768311
0.6257870483768311
0.6257870483768311
0.6361826504449475
0.6257870483768311
0.6257870483768311
0.6257870483768311
0.6257870483768311
0.6257870483768311
0.6257870483768311
0.6210747839252914
0.6257870483768311
0.6257870483768311
0.6257870483768311
0.6361826504449475
0.6257870483768311
0.6257870483768311
0.6257870483768311
0.6257870483768311
0.6257870483768311
0.6257870483768311
0.6257870483768311
0.6257870483768311
0.6257870483768311
0.6257870483768311
0.6257870483768311
0.6257870483768311
0.6306549830163478
0.6257870483768311
0.6257870483768311
0.6361826504449475
0.6257870483768311
0.6257870483768311
0.6257870483768311
0.5996478964473182
0.6257870483768311
0.6257870483768311
0.6257870483768311
0.6257870483768311
0.6257870483768311
0.6257870483768311
0.6257870483768311
0.6257870483768311
0.6257870483768311
0.6361826504449475
0.6257870483768311
0.6257870483768311
0.6257870483768311
0.7164275483517974
0.6257870483768311
0.6257870483768311
0.6257870483768311
0.6257870483768311
0.6257870483768311
0.6257870483768311
0.6257870483768311
0.6257870483768311
0.6257870483768311
0.6257870483768311
0.6257870483768311
0.6210747839252914
0.6257870483768311
0.6257870483768311
0.61581516498002
0.6361826504449475
0.6257870483768311
0.61581516498002
0.6318161064558308
0.6257870483768311
0.6361826504449475
0.6257870483768311
0.6361826504449475
0.61581516498002
0.61581516498002
0.61581516498002
0.6257870483768311
0.6257870483768311
0.6257870483768311
0.6257870483768311
0.6257870483768311
0.6257870483768311
0.6361826504449475
0.6257095274822628
0.6257870483768311
0.6257870483768311
0.6257870483768311
0.6257870483768311
0.6257870483768311
0.6257870483768311
0.6257870483768311
0.6257870483768311
0.6257870483768311
0.6257870483768311
0.6257870483768311
0.6210747839252914
0.6257870483768311
0.6257870483768311
0.6257870483768311
0.6257870483768311
0.6257870483768311
0.6257870483768311
0.6257870483768311
0.6257870483768311
0.6257870483768311
0.6263819776752124
0.6257870483768311
0.6257870483768311
0.6257870483768311
0.6257870483768311
0.6257870483768311
0.6387182415262256
0.6318161064558308
0.6257870483768311
0.6257870483768311
0.61581516498002
0.61581516498002
0.6257870483768311
0.6257870483768311
0.6257870483768311
0.6257870483768311
0.6257870483768311
0.6257870483768311
0.6257870483768311
0.6257870483768311
0.6257870483768311
0.6257870483768311
0.6257870483768311
0.6257870483768311
0.6257870483768311
0.6257870483768311
0.6257870483768311
0.61581516498002
0.6257870483768311
0.6257870483768311
0.6257870483768311
0.6257870483768311
0.6257870483768311
0.6257870483768311
0.6257870483768311
0.61581516498002
0.6257870483768311
0.61581516498002
0.6257870483768311
0.7164275483517974
0.6263819776752124
0.6257870483768311
0.6257870483768311
0.6257870483768311
0.7164275483517974
0.6257870483768311
0.61581516498002
0.6257870483768311
0.7164275483517974
0.7088491579735868
0.7164275483517974
0.7164275483517974
0.7086658975515172
0.7164275483517974
0.6220498175467655
0.61581516498002
0.7164275483517974
0.7164275483517974
0.7164275483517974
0.7164275483517974
0.7164275483517974
0.7164275483517974
0.7164275483517974
0.7164275483517974
0.7164275483517974
0.7164275483517974
0.7164275483517974
0.7164275483517974
0.7164275483517974
0.7166949980392925
0.7164275483517974
0.7164275483517974
0.7164275483517974
0.7164275483517974
0.7164275483517974
0.7164275483517974
0.7164275483517974
0.7164275483517974
0.6257870483768311
0.7164275483517974
0.7119221135768221
0.7164275483517974
0.7164275483517974
0.7164275483517974
0.7164275483517974
0.7164275483517974
0.7164275483517974
0.7164275483517974
0.7164275483517974
0.7164275483517974
0.7164275483517974
0.7164275483517974
0.7164275483517974
0.7164275483517974
0.7164275483517974
0.7164275483517974
0.7164275483517974
0.7164275483517974
0.7164275483517974
0.7164275483517974
0.7164275483517974
0.7164275483517974
0.7164275483517974
0.7164275483517974
0.7164275483517974
0.7164275483517974
0.7164275483517974
0.7164275483517974
0.7164275483517974
0.7164275483517974
0.7164275483517974
0.7164275483517974
0.7164275483517974
0.7164275483517974
0.7164275483517974
0.7164275483517974
0.7164275483517974
0.7164275483517974
0.7164275483517974
0.7164275483517974
0.7164275483517974
0.7164275483517974
0.7164275483517974
0.7164275483517974
0.7164275483517974
0.7164275483517974
0.7164275483517974
0.7164275483517974
0.7164275483517974
0.7164275483517974
0.7164275483517974
0.7164275483517974
0.7164275483517974
0.7164275483517974
0.7164275483517974
0.7164275483517974
0.7164275483517974
0.7164275483517974
0.7164275483517974
0.7164275483517974
0.7164275483517974
0.7164275483517974
0.7164275483517974
0.7164275483517974
0.7164275483517974
0.7164275483517974
0.7164275483517974
0.7164275483517974
0.7164275483517974
0.7164275483517974
0.7164275483517974
0.7164275483517974
0.7164275483517974
0.7164275483517974
0.7164275483517974
0.7164275483517974
0.7164275483517974
0.7164275483517974
0.7164275483517974
0.7164275483517974
0.7164275483517974
0.7164275483517974
0.7164275483517974
0.7164275483517974
0.7164275483517974
0.7164275483517974
0.7164275483517974
0.7164275483517974
0.7164275483517974
0.7164275483517974
0.7164275483517974
0.7164275483517974
0.7164275483517974
0.7164275483517974
0.7164275483517974
0.7164275483517974
0.7164275483517974
0.7164275483517974
0.7164275483517974
0.7164275483517974
0.7164275483517974
0.7164275483517974
0.7164275483517974
0.7164275483517974
0.7164275483517974
0.7164275483517974
0.7164275483517974
0.7164275483517974
0.7164275483517974
0.7164275483517974
0.7164275483517974
0.7164275483517974
0.7164275483517974
0.7164275483517974
0.7164275483517974
0.7164275483517974
0.7164275483517974
0.7164275483517974
0.7164275483517974
0.7164275483517974
0.7164275483517974
0.7164275483517974
0.7164275483517974
0.7164275483517974
0.7164275483517974
0.7164275483517974
0.7164275483517974
0.7164275483517974
0.7164275483517974
0.7164275483517974
0.7164275483517974
0.7164275483517974
0.7164275483517974
0.7164275483517974
0.7164275483517974
0.7164275483517974
0.7164275483517974
0.7164275483517974
0.7164275483517974
0.7164275483517974
0.7164275483517974
0.7164275483517974
0.7164275483517974
0.7164275483517974
0.7164275483517974
0.7164275483517974
0.7164275483517974
0.7164275483517974
0.7164275483517974
0.7164275483517974
0.7164275483517974
0.7164275483517974
0.7164275483517974
0.7164275483517974
0.7164275483517974
0.7164275483517974
0.7164275483517974
0.7164275483517974
0.7164275483517974
0.7164275483517974
0.7164275483517974
0.7164275483517974
0.7164275483517974
0.7164275483517974
0.7164275483517974
0.7164275483517974
0.7164275483517974
0.7164275483517974
0.7164275483517974
0.7164275483517974
0.7164275483517974
0.7164275483517974
0.7164275483517974
0.7164275483517974
0.7164275483517974
0.7164275483517974
0.7164275483517974
0.7164275483517974
0.7164275483517974
0.7164275483517974
0.7164275483517974
0.7164275483517974
0.7164275483517974
0.7164275483517974
0.7164275483517974
0.7164275483517974
0.7164275483517974
0.7164275483517974
0.7164275483517974
0.7164275483517974
0.7164275483517974
0.7164275483517974
0.7164275483517974
0.7164275483517974
0.7164275483517974
0.7164275483517974
0.7164275483517974
0.7164275483517974
0.7164275483517974
0.7164275483517974
0.7164275483517974
0.7164275483517974
0.7164275483517974
0.7164275483517974
0.7164275483517974
0.7164275483517974
0.7164275483517974
0.7164275483517974
0.7164275483517974
0.7164275483517974
0.7164275483517974
0.7164275483517974
0.7164275483517974
0.7164275483517974
0.7164275483517974
0.7164275483517974
0.7164275483517974
0.7164275483517974
0.7164275483517974
0.7164275483517974
0.7164275483517974
0.7164275483517974
0.7164275483517974
0.7164275483517974
0.7164275483517974
0.7164275483517974
0.7164275483517974
0.7164275483517974
0.7164275483517974
0.7164275483517974
0.7164275483517974
0.7164275483517974
0.7164275483517974
0.7164275483517974
0.7164275483517974
0.7164275483517974
0.7164275483517974
0.7164275483517974
0.7164275483517974
0.7164275483517974
0.7164275483517974
0.7164275483517974
0.7164275483517974
0.7164275483517974
0.7164275483517974
0.7164275483517974
0.7164275483517974
0.7164275483517974
0.7164275483517974
0.7164275483517974
