-0.008999775300370105
0.48078011062451576
0.006032584169104238
-0.02728590823436372
-0.02830862114395516
0.534214754475044
-0.04602816599622228
0
0.22130063180842185
0.5851671570677353
0.5699241464973035
0.056084976381316265
-0.025269724000086535
0.0
0
0.5900862688292676
-0.039292179788091186
0.002823957793091303
0
0.5680882524709213
0.5780420550558685
0.5865813325314799
0.5465479522356045
0.5780420550558685
-0.008999775300370105
0.5879300940925016
-0.039605525782941076
0.011115167829509276
-0.008216472873947778
0.5703319200457677
0.5780339572101394
0.5438646087174239
0.6221961611285449
0.5438646087174239
0.5915100046712521
0.5675900049705015
0.5438646087174239
0.5438646087174239
0.5412748397780286
0.5438646087174239
0.5915100046712521
0.5438646087174239
0.553634294634848
0.5438646087174239
0.5915100046712521
0.5400607689205839
0.5438646087174239
-0.05181051234849465
0.5780420550558685
0.5780420550558685
0.5438646087174239
0.553634294634848
0.5438646087174239
0.5438646087174239
0.5915100046712521
0.5438646087174239
0.5412956336032171
0.5780420550558685
0.5780420550558685
0.5438646087174239
0.6007928484822371
0.5879300940925016
0.5484457586457558
0.5780420550558685
0.5484457586457558
0.5484457586457558
0.5780420550558685
0.5438646087174239
0.5484457586457558
0.5915100046712521
0.5780420550558685
0.5780420550558685
0.5780420550558685
0.5851671570677353
0.5484457586457558
0.5692822311147769
0.5780420550558685
0.5780420550558685
0.5780420550558685
0.5879300940925016
0.5915100046712521
0.5915100046712521
0.5484457586457558
0.5484457586457558
0.5780420550558685
0.5484457586457558
0.5780420550558685
0.5915100046712521
0.5879300940925016
0.583934260769088
0.5915100046712521
0.5484457586457558
0.5780420550558685
0.5484457586457558
0.5780420550558685
0.5915100046712521
0.5780420550558685
0.5780420550558685
0.5780420550558685
0.5879300940925016
0.5780420550558685
0.5780420550558685
0.5915100046712521
0.5780420550558685
0.5915100046712521
0.5780420550558685
0.5915100046712521
0.5780420550558685
0.5780420550558685
0.5879300940925016
0.5780420550558685
0.5780420550558685
0.5780420550558685
0.5915100046712521
0.5780420550558685
0.5780420550558685
0.5780420550558685
0.5915100046712521
0.5780420550558685
0.5915100046712521
0.5780420550558685
0.5780420550558685
0.5780420550558685
0.5915100046712521
0.5780420550558685
0.5780420550558685
0.5780420550558685
0.5780420550558685
0.5780420550558685
0.5780420550558685
0.5851671570677353
0.5780420550558685
0.5780420550558685
0.5780420550558685
0.5780420550558685
0.5879300940925016
0.5915100046712521
0.5780420550558685
0.5780420550558685
0.5675900049705015
0.5879300940925016
0.5915100046712521
0.5915100046712521
0.5915100046712521
0.5915100046712521
0.5915100046712521
0.5915100046712521
0.5780420550558685
0.5780420550558685
0.5780420550558685
0.5915100046712521
0.5915100046712521
0.5915100046712521
0.5915100046712521
0.5915100046712521
0.5915100046712521
0.5780420550558685
0.5780420550558685
0.5915100046712521
0.5915100046712521
0.5915100046712521
0.5915100046712521
0.5915100046712521
0.5915100046712521
0.5780420550558685
0.5780420550558685
0.5915100046712521
0.5780420550558685
0.5915100046712521
0.5915100046712521
0.5915100046712521
0.5915100046712521
0.5915100046712521
0.5915100046712521
0.5915100046712521
0.5915100046712521
0.5915100046712521
0.5915100046712521
0.5915100046712521
0.5915100046712521
0.5915100046712521
0.5915100046712521
0.5915100046712521
0.5915100046712521
0.5915100046712521
0.5915100046712521
0.5915100046712521
0.5915100046712521
0.5915100046712521
0.5915100046712521
0.5438646087174239
0.5915100046712521
0.5915100046712521
0.5915100046712521
0.5915100046712521
0.5915100046712521
0.5915100046712521
0.5915100046712521
0.5915100046712521
0.5915100046712521
0.5484457586457558
0.5484457586457558
0.5915100046712521
0.5915100046712521
0.5915100046712521
0.5915100046712521
0.5847251701389566
0.5915100046712521
0.5915100046712521
0.5915100046712521
0.5915100046712521
0.5915100046712521
0.5915100046712521
0.5915100046712521
0.5915100046712521
0.5915100046712521
0.5915100046712521
0.5915100046712521
0.5915100046712521
0.5915100046712521
0.5915100046712521
0.5780420550558685
0.5915100046712521
0.5915100046712521
0.5592678434920904
0.5915100046712521
0.5915100046712521
0.5915100046712521
0.5915100046712521
0.5675900049705015
0.5915100046712521
0.5438646087174239
0.5780420550558685
0.5915100046712521
0.5915100046712521
0.5847251701389566
0.5780420550558685
0.5915100046712521
0.5915100046712521
0.5915100046712521
0.5915100046712521
0.5780420550558685
0.5780420550558685
0.5780420550558685
0.5780420550558685
0.5915100046712521
0.5915100046712521
0.5915100046712521
0.5780420550558685
0.5915100046712521
0.5780420550558685
0.5915100046712521
0.5915100046712521
0.5915100046712521
0.5915100046712521
0.5915100046712521
0.5780420550558685
0.5915100046712521
0.5915100046712521
0.5915100046712521
0.5915100046712521
0.5780420550558685
0.6221961611285449
0.5847251701389566
0.5915100046712521
0.5915100046712521
0.5915100046712521
0.5915100046712521
0.5847251701389566
0.5915100046712521
0.5470392992059311
0.5675900049705015
0.5780420550558685
0.5915100046712521
0.6562459515661747
0.5780420550558685
0.5851671570677353
0.5915100046712521
0.5915100046712521
0.5699017533726427
0.5697022102914189
0.5915100046712521
0.5675900049705015
0.5915100046712521
0.5915100046712521
0.5915100046712521
0.5915100046712521
0.6562459515661747
0.5915100046712521
0.6562459515661747
0.5915100046712521
0.5915100046712521
0.6562459515661747
0.5915100046712521
0.6562459515661747
0.6221961611285449
0.6812173725329858
0.6562459515661747
0.6562459515661747
0.6562459515661747
0.6562459515661747
0.5780420550558685
0.6562459515661747
0.6562459515661747
0.6562459515661747
0.6562459515661747
0.6562459515661747
0.6562459515661747
0.6562459515661747
0.6562459515661747
0.6562459515661747
0.6562459515661747
0.6562459515661747
0.6562459515661747
0.6562459515661747
0.6562459515661747
0.6562459515661747
0.6562459515661747
0.6221961611285449
0.599642323883143
0.599642323883143
0.6562459515661747
0.6562459515661747
0.6221961611285449
0.6562459515661747
0.6221961611285449
0.6725488604162719
0.6221961611285449
0.6221961611285449
0.599642323883143
0.6562459515661747
0.6562459515661747
0.6562459515661747
0.6562459515661747
0.6562459515661747
0.6562459515661747
0.6562459515661747
0.6562459515661747
0.6562459515661747
0.6562459515661747
0.6562459515661747
0.6562459515661747
0.6562459515661747
0.6562459515661747
0.6562459515661747
0.6562459515661747
0.6562459515661747
0.6562459515661747
0.6562459515661747
0.6562459515661747
0.6562459515661747
0.6562459515661747
0.6562459515661747
0.6562459515661747
0.6562459515661747
0.6562459515661747
0.6562459515661747
0.6562459515661747
0.6562459515661747
0.6562459515661747
0.6562459515661747
0.6562459515661747
0.6562459515661747
0.6562459515661747
0.6562459515661747
0.6562459515661747
0.6562459515661747
0.6562459515661747
0.6562459515661747
0.6562459515661747
0.6562459515661747
0.6562459515661747
0.6562459515661747
0.6562459515661747
0.6562459515661747
0.6811499039709814
0.6562459515661747
0.6562459515661747
0.6725488604162719
0.6562459515661747
0.6562459515661747
0.6562459515661747
0.6562459515661747
0.6562459515661747
0.6562459515661747
0.6562459515661747
0.6221961611285449
0.6221961611285449
0.6562459515661747
0.6562459515661747
0.6553828081826001
0.6221961611285449
0.6725488604162719
0.6725488604162719
0.6816254331722449
0.6230406757148352
0.6703845679722422
0.6725488604162719
0.6447238682418788
0.6697924174131521
0.5791838257923175
0.663611819961829
0.6663421327597796
0.5400607689205839
0.6207184027351702
0.6780145343341295
0.6551574639404979
0.6110626822632715
0.5234310548862817
0.6211182114675124
0.6695326592030414
0.5855242184791936
0.6291626445622343
0.6221961611285449
0.6027314670863095
0.6207191728836279
0.6002870203506725
0.6345660366908592
0.6775563663656028
0.6760667660276574
0.6598458062881993
0.6459160210225118
0.6554057478973699
0.6862082755137604
0.6873453537899621
0.6338144961458345
0.6295409510473591
0.7031473332534454
0.6741819505527359
0.7024881596479314
0.6795593963655379
0.7047690229462698
0.6933429915681741
0.6607863106089864
0.6201210677876907
0.6622990624574698
0.6817965339788412
0.6150891751574208
0.6902896485770302
0.64328868025585
0.6308305512398338
0.612319331728694
0.02998714836584071
0.044956805155076385
0.03717168887645006
0.6023448908495591
0.5966385652188837
0.6402252168611613
0.592067968205052
0.5233890440133455
0.5490174084991808
0.6333286392607533
0.5971527930771288
0.674199551114538
0.5891852825094633
0.6647604263373342
0.6369284751907864
0.6393302715767979
0.018042675521977802
0.572361045011397
0.642368874343923
0.5771130865205027
0.6155974168336955
0.6284857233906838
0.6009788199688146
0.57773467198273
0.6153517719832311
0.6096940980216816
0.6350384467884567
0.5996478964473182
0.6263819776752124
0.6882072767082648
0.642368874343923
0.5981610540755374
0.7256248562974539
0.6569007331799143
0.6352195314138873
0.6369861956584596
0.6405495008458335
0.6361826504449475
0.6242941249510434
0.595861558207681
0.5962333064975326
0.7229758247915503
0.7103008688356476
0.61581516498002
0.6204946724643857
0.6126758308688531
0.595861558207681
0.6257870483768311
0.6306549830163478
0.6312792892703835
0.6257870483768311
0.6175371406921804
0.6306549830163478
0.6257870483768311
0.6306549830163478
0.6152485549247578
0.6318161064558308
0.6257870483768311
0.6257870483768311
0.6257870483768311
0.6257870483768311
0.6257870483768311
0.6257870483768311
0.6257870483768311
0.6257870483768311
0.6257870483768311
0.6257870483768311
0.6257870483768311
0.6257870483768311
0.6257870483768311
0.6257870483768311
0.6257870483768311
0.6257870483768311
0.6257870483768311
0.6313566344748308
0.6257870483768311
0.6210747839252914
0.6257870483768311
0.6257870483768311
0.6257870483768311
0.6210747839252914
0.61581516498002
0.6257870483768311
0.6257870483768311
0.6257870483768311
0.6257870483768311
0.6253066657566452
0.6257870483768311
0.6257870483768311
0.6257870483768311
0.6257870483768311
0.61581516498002
0.6257870483768311
0.6257870483768311
0.6257870483768311
0.6257870483768311
0.6257870483768311
0.6257870483768311
0.6257870483768311
0.6257870483768311
0.6361826504449475
0.6257870483768311
0.6257870483768311
0.6257870483768311
0.5996478964473182
0.6257870483768311
0.6257870483768311
0.6257870483768311
0.6257870483768311
0.6257870483768311
0.6257870483768311
0.5996478964473182
0.6318161064558308
0.5996478964473182
0.6257870483768311
0.6257870483768311
0.6257870483768311
0.6257870483768311
0.6257870483768311
0.6257870483768311
0.6257870483768311
0.6257870483768311
0.6257870483768311
0.6257870483768311
0.6257870483768311
0.6257870483768311
0.6257870483768311
0.6361826504449475
0.6257870483768311
0.6257870483768311
0.6257870483768311
0.6257870483768311
0.6257870483768311
0.6257870483768311
0.6210747839252914
0.6257870483768311
0.6257870483768311
0.6257870483768311
0.6361826504449475
0.6257870483768311
0.6257870483768311
0.6257870483768311
0.6257870483768311
0.6257870483768311
0.6257870483768311
0.6257870483768311
0.6257870483768311
0.6257870483768311
0.6257870483768311
0.6257870483768311
0.6257870483768311
0.6306549830163478
0.6257870483768311
0.6257870483768311
0.6361826504449475
0.6257870483768311
0.6257870483768311
0.6257870483768311
0.5996478964473182
0.6257870483768311
0.6257870483768311
0.6257870483768311
0.6257870483768311
0.6257870483768311
0.6257870483768311
0.6257870483768311
0.6257870483768311
0.6257870483768311
0.6361826504449475
0.6257870483768311
0.6257870483768311
0.6257870483768311
0.7164275483517974
0.6257870483768311
0.6257870483768311
0.6257870483768311
0.6257870483768311
0.6257870483768311
0.6257870483768311
0.6257870483768311
0.6257870483768311
0.6257870483768311
0.6257870483768311
0.6257870483768311
0.6210747839252914
0.6257870483768311
0.6257870483768311
0.61581516498002
0.6361826504449475
0.6257870483768311
0.61581516498002
0.6318161064558308
0.6257870483768311
0.6361826504449475
0.6257870483768311
0.6361826504449475
0.61581516498002
0.61581516498002
0.61581516498002
0.6257870483768311
0.6257870483768311
0.6257870483768311
0.6257870483768311
0.6257870483768311
0.6257870483768311
0.6361826504449475
0.6257095274822628
0.6257870483768311
0.6257870483768311
0.6257870483768311
0.6257870483768311
0.6257870483768311
0.6210747839252914
0.6257870483768311
0.6257870483768311
0.6257870483768311
0.6257870483768311
0.6257870483768311
0.6210747839252914
0.6257870483768311
0.6257870483768311
0.6257870483768311
0.6257870483768311
0.6257870483768311
0.6257870483768311
0.6257870483768311
0.6257870483768311
0.6257870483768311
0.6263819776752124
0.6257870483768311
0.6257870483768311
0.6257870483768311
0.6257870483768311
0.6257870483768311
0.6361826504449475
0.6318161064558308
0.6257870483768311
0.6257870483768311
0.61581516498002
0.61581516498002
0.6257870483768311
0.6257870483768311
0.6257870483768311
0.6257870483768311
0.6257870483768311
0.6257870483768311
0.6257870483768311
0.6257870483768311
0.6257870483768311
0.6257870483768311
0.6257870483768311
0.6257870483768311
0.6257870483768311
0.6257870483768311
0.6257870483768311
0.61581516498002
0.6257870483768311
0.6257870483768311
0.6257870483768311
0.6257870483768311
0.6257870483768311
0.6257870483768311
0.6257870483768311
0.61581516498002
0.6257870483768311
0.61581516498002
0.6257870483768311
0.7164275483517974
0.6263819776752124
0.6257870483768311
0.6257870483768311
0.6257870483768311
0.7164275483517974
0.6257870483768311
0.61581516498002
0.6257870483768311
0.7164275483517974
0.7088491579735868
0.7164275483517974
0.7164275483517974
0.7086658975515172
0.7164275483517974
0.6220498175467655
0.61581516498002
0.7164275483517974
0.7164275483517974
0.7164275483517974
0.7164275483517974
0.7164275483517974
0.7164275483517974
0.7164275483517974
0.7164275483517974
0.7164275483517974
0.7164275483517974
0.7164275483517974
0.7164275483517974
0.7164275483517974
0.7166949980392925
0.7164275483517974
0.7164275483517974
0.7164275483517974
0.7164275483517974
0.7164275483517974
0.7164275483517974
0.7164275483517974
0.7164275483517974
0.6257870483768311
0.7164275483517974
0.7119221135768221
0.7164275483517974
0.7164275483517974
0.7164275483517974
0.7164275483517974
0.7164275483517974
0.7164275483517974
0.7164275483517974
0.7164275483517974
0.7164275483517974
0.7164275483517974
0.7164275483517974
0.7164275483517974
0.7164275483517974
0.7164275483517974
0.7164275483517974
0.7164275483517974
0.7164275483517974
0.7164275483517974
0.7164275483517974
0.7164275483517974
0.7164275483517974
0.7164275483517974
0.7164275483517974
0.7164275483517974
0.7164275483517974
0.7164275483517974
0.7164275483517974
0.7164275483517974
0.7164275483517974
0.7164275483517974
0.7164275483517974
0.7164275483517974
0.7164275483517974
0.7164275483517974
0.7164275483517974
0.7164275483517974
0.7164275483517974
0.7164275483517974
0.7164275483517974
0.7164275483517974
0.7164275483517974
0.7164275483517974
0.7164275483517974
0.7164275483517974
0.7164275483517974
0.7164275483517974
0.7164275483517974
0.7164275483517974
0.7164275483517974
0.7164275483517974
0.7164275483517974
0.7164275483517974
0.7164275483517974
0.7164275483517974
0.7164275483517974
0.7164275483517974
0.7164275483517974
0.7164275483517974
0.7164275483517974
0.7164275483517974
0.7164275483517974
0.7164275483517974
0.7164275483517974
0.7164275483517974
0.7164275483517974
0.7164275483517974
0.7164275483517974
0.7164275483517974
0.7164275483517974
0.7164275483517974
0.7164275483517974
0.7164275483517974
0.7164275483517974
0.7164275483517974
0.7164275483517974
0.7164275483517974
0.7164275483517974
0.7164275483517974
0.7164275483517974
0.7164275483517974
0.7164275483517974
0.7164275483517974
0.7164275483517974
0.7164275483517974
0.7164275483517974
0.7164275483517974
0.7164275483517974
0.7164275483517974
0.7164275483517974
0.7164275483517974
0.7164275483517974
0.7164275483517974
0.7164275483517974
0.7164275483517974
0.7164275483517974
0.7164275483517974
0.7164275483517974
0.7164275483517974
0.7164275483517974
0.7164275483517974
0.7164275483517974
0.7164275483517974
0.7164275483517974
0.7164275483517974
0.7164275483517974
0.7164275483517974
0.7164275483517974
0.7164275483517974
0.7164275483517974
0.7164275483517974
0.7164275483517974
0.7164275483517974
0.7164275483517974
0.7164275483517974
0.7164275483517974
0.7164275483517974
0.7164275483517974
0.7164275483517974
0.7164275483517974
0.7164275483517974
0.7164275483517974
0.7164275483517974
0.7164275483517974
0.7164275483517974
0.7164275483517974
0.7164275483517974
0.7164275483517974
0.7164275483517974
0.7164275483517974
0.7164275483517974
0.7164275483517974
0.7164275483517974
0.7164275483517974
0.7164275483517974
0.7164275483517974
0.7164275483517974
0.7164275483517974
0.7164275483517974
0.7164275483517974
0.7164275483517974
0.7164275483517974
0.7164275483517974
0.7164275483517974
0.7164275483517974
0.7164275483517974
0.7164275483517974
0.7164275483517974
0.7164275483517974
0.7164275483517974
0.7164275483517974
0.7164275483517974
0.7164275483517974
0.7164275483517974
0.7164275483517974
0.7164275483517974
0.7164275483517974
0.7164275483517974
0.7164275483517974
0.7164275483517974
0.7164275483517974
0.7164275483517974
0.7164275483517974
0.7164275483517974
0.7164275483517974
0.7164275483517974
0.7164275483517974
0.7164275483517974
0.7164275483517974
0.7164275483517974
0.7164275483517974
0.7164275483517974
0.7164275483517974
0.7164275483517974
0.7164275483517974
0.7164275483517974
0.7164275483517974
0.7164275483517974
0.7164275483517974
0.7164275483517974
0.7164275483517974
0.7164275483517974
0.7164275483517974
0.7164275483517974
0.7164275483517974
0.7164275483517974
0.7164275483517974
0.7164275483517974
0.7164275483517974
0.7164275483517974
0.7164275483517974
0.7164275483517974
0.7164275483517974
0.7164275483517974
0.7164275483517974
0.7164275483517974
0.7164275483517974
0.7164275483517974
0.7164275483517974
0.7164275483517974
0.7164275483517974
0.7164275483517974
0.7164275483517974
0.7164275483517974
0.7164275483517974
0.7164275483517974
0.7164275483517974
0.7164275483517974
0.7164275483517974
0.7164275483517974
0.7164275483517974
0.7164275483517974
0.7164275483517974
0.7164275483517974
0.7164275483517974
0.7164275483517974
0.7164275483517974
0.7164275483517974
0.7164275483517974
0.7164275483517974
0.7164275483517974
0.7164275483517974
0.7164275483517974
0.7164275483517974
0.7164275483517974
0.7164275483517974
0.7164275483517974
0.7164275483517974
0.7164275483517974
0.7164275483517974
0.7164275483517974
0.7164275483517974
0.7164275483517974
0.7164275483517974
0.7164275483517974
0.7164275483517974
0.7164275483517974
0.7164275483517974
0.7164275483517974
0.7164275483517974
0.7164275483517974
0.7164275483517974
0.7164275483517974
0.7164275483517974
0.7164275483517974
0.7164275483517974
0.7164275483517974
0.7164275483517974
0.7164275483517974
0.7164275483517974
